5.4204e-05
5.6198e-05
5.5136e-05
6.1598e-05
6.1798e-05
6.0766e-05
5.9133e-05
7.2218e-05
6.5996e-05
6.6246e-05
6.4754e-05
6.3522e-05
6.7169e-05
7.4192e-05
6.3872e-05
6.3441e-05
6.0035e-05
6.29e-05
6.2209e-05
6.1338e-05
9.1234e-05
8.3179e-05
7.2268e-05
6.3491e-05
7.2118e-05
6.3141e-05
6.9543e-05
6.8862e-05
6.6668e-05
7.2639e-05
7.7569e-05
7.5574e-05
7.85e-05
7.9913e-05
7.9312e-05
0.000108307
7.7498e-05
8.2197e-05
0.00010441
9.3159e-05
8.7778e-05
8.9151e-05
8.9562e-05
9.0332e-05
8.9431e-05
9.7747e-05
9.8268e-05
9.8709e-05
0.000105362
9.9581e-05
0.000102245
0.000102817
0.000108197
0.00010968
0.000108097
0.000135699
0.000155177
0.00014089
0.000120992
0.000107236
0.000118818
0.000116533
0.00012022
0.000121874
0.000115341
0.000129999
0.000129508
0.000123396
0.000128265
0.000127925
0.000129818
0.000131702
0.000181788
0.000130911
0.0001621
0.000145659
0.000264035
0.000176818
0.000174304
0.000151841
0.000154356
0.000153163
0.000155708
0.000154696
0.000217496
0.000194542
0.000169224
0.000160627
0.000181728
0.000164686
0.000162952
0.000243857
0.00016733
0.000166669
0.000171008
0.000164755
0.000171538
0.000179283
0.000174915
0.000184363
0.000189503
0.000230852
0.000180616
0.00018803
0.000186737
0.00019869
0.000280577
0.000254597
0.000259025
0.000281278
0.00031375
0.0002455
0.000210202
0.000259637
0.000236002
0.00021964
0.000214149
0.00022976
0.000219851
0.00027704
0.000287591
0.000232355
0.000225862
0.000237846
0.000336183
0.000289124
0.000291217
0.000871167
0.000239599
0.000247494
0.000263624
0.000253195
0.000696533
0.00024582
0.000331535
0.000249658
0.00025052
0.000267071
0.000257583
0.000648732
0.000331975
0.000263073
0.000280356
0.000272942
0.000382913
0.000273273
0.000278794
0.00027682
0.000426006
0.000358487
0.000285406
0.000298631
0.000460531
0.000369478
0.000373465
0.000366512
0.000315233
0.000377022
0.000302269
0.000446104
0.000337045
0.000390968
0.000379837
0.000419142
0.000335913
0.000424693
0.000369197
0.000328077
0.000337276
0.000896225
0.000420444
0.00040212
0.000336424
0.000334881
0.00033917
0.000345431
0.000938907
0.000350761
0.000511169
0.000410736
0.000380618
0.000762229
0.000378715
0.000367593
0.00040727
0.000466884
0.000372232
0.000662227
0.000381641
0.000963985
0.000396098
0.000482233
0.000864404
0.000398092
0.000507832
0.00101013
0.000587183
0.000592714
0.000852291
0.00118899
0.000409594
0.000941832
0.000431396
0.000434502
0.000659643
0.000419583
0.000445342
0.000445192
0.000820521
0.000526497
0.000438359
0.000451945
0.00105701
0.000567556
0.000596331
0.000580791
0.00123607
0.000576043
0.000458527
0.000483385
0.000478095
0.000963404
0.000470921
0.000524654
0.000499626
0.000617141
0.00104063
0.000486411
0.000512661
0.000494897
0.000617091
0.0010363
0.00113941
0.000721792
0.000668419
0.000647179
0.000516298
0.00055411
0.000598997
0.0011266
0.000550614
0.000677968
0.000539703
0.000545554
0.000545834
0.000565483
0.000795522
0.000723214
0.000554681
0.00100756
0.00134015
0.00208637
0.00129294
0.000676925
0.000586392
0.000697906
0.000595279
0.000624496
0.000619826
0.000859875
0.000620187
0.000594158
0.000812455
0.000762089
0.000599667
0.000619295
0.000777668
0.000645906
0.000616049
0.000630717
0.00134329
0.00118835
0.00131244
0.00112406
0.000685482
0.000678919
0.000679591
0.000707253
0.000650144
0.000646377
0.000720118
0.00124235
0.00143145
0.00119574
0.000707083
0.00068999
0.000713054
0.000687666
0.000691132
0.00131564
0.0014332
0.000736961
0.000788409
0.000883881
0.000749905
0.00123451
0.000942604
0.000713936
0.00116798
0.00124818
0.00121927
