0.0716665
0.000118266
9.8568e-05
0.000101404
0.000105361
0.000103026
0.00011518
0.000102746
9.3058e-05
0.000105552
0.000142522
0.000107054
0.000102956
0.000145528
0.000105141
0.000146029
0.000128735
0.000110281
0.000119908
0.000123545
0.00013078
0.000116993
0.000122653
0.000128154
0.000142672
0.000128305
0.000152581
0.000129587
0.000143123
0.000145487
0.000157751
0.000212615
0.000154084
0.000151629
0.00614756
0.000171928
0.000159464
0.00017807
0.000166518
0.000230069
0.000218116
0.000190964
0.000182258
0.000437454
0.000200703
0.000229507
0.000241631
0.000238705
0.000231962
0.00024096
0.000420982
0.000245999
0.00124377
0.0013016
0.000257691
0.000256289
0.00232001
0.000264584
0.000274313
0.000267039
0.000259776
0.000273311
0.000286977
0.000275505
0.000287038
0.000495665
0.000307286
0.00064005
0.000308028
0.000320261
0.00106498
0.000323056
0.000337273
0.000336972
0.000351871
0.000338275
0.000338286
0.000473834
0.000357041
0.000371529
0.000401125
0.000366469
0.000360067
0.000366479
0.000365087
0.000375566
0.000382871
0.00103378
0.00038804
0.00038318
0.000437995
0.000392448
0.000401436
0.000401025
0.000401746
0.000391487
0.000387018
0.000443119
0.000374825
0.000499572
0.000402097
0.000443887
0.000436372
0.000438947
0.000458184
0.000585878
0.000493802
0.000456971
0.000467632
0.000475737
0.000512257
0.000487299
0.0157852
0.00956808
0.00100548
0.000541182
0.000666481
0.00972906
0.00163635
0.00204899
0.000528167
0.000544087
0.000559206
0.000901198
0.000596518
0.00267772
0.000581248
0.000580998
0.000647234
0.000588281
0.000599142
0.000636063
0.000659267
0.00131567
0.000646924
0.00598778
0.000664487
0.000721586
0.000654308
0.000727958
0.000665329
0.00679256
0.000698953
0.00069769
0.00100088
0.000687461
0.00251941
0.000716757
0.000734801
0.00087596
0.00511168
0.000738459
0.00326043
0.00398761
0.000753207
0.000862555
0.000774828
0.00115754
0.000743668
0.000766392
0.00079189
0.000758146
0.000766151
0.0136338
0.000816932
0.00176475
0.000842797
0.000935905
0.000838709
0.000841053
0.000878805
0.000860271
0.000886331
0.00404829
0.00096975
0.00948405
0.000958457
0.00138318
0.000892041
0.000925885
0.00100645
0.00464663
0.000898724
0.00384695
0.000941255
0.00167372
0.000958869
0.000987253
0.0050799
0.000997312
0.00208646
0.00162471
0.000962575
0.00156667
0.00104216
0.0011899
0.0056012
0.00504516
0.00110579
0.00109819
0.00123675
0.00186886
0.00111617
0.00111232
0.00120777
0.00149417
0.00663208
0.00171955
0.00164505
0.00185093
0.00281897
0.00167359
0.00137611
0.00536261
0.0027656
0.00118297
0.00113455
0.00119092
0.00171098
0.0012243
0.00133791
0.00133882
0.0019873
0.00252546
0.00388382
0.00159892
0.00184415
0.00161444
0.00180962
0.00129825
0.00128153
0.00879085
0.00504384
0.00222775
0.00250437
0.00464212
0.00311653
0.00243957
0.0025242
0.00188638
0.00175419
0.00303874
0.00427099
0.00140813
0.00404329
0.00145467
0.00813672
0.00197527
0.00209046
0.00187846
0.00294072
0.00198982
0.00200265
0.00352883
0.00193533
0.00196594
0.00189286
0.00198094
0.00219518
0.00209862
0.00199988
0.00197342
0.00207968
0.00261191
0.00212768
0.00212814
0.00204365
0.00268437
0.00219327
0.00315389
0.00260565
0.00250718
0.00228922
0.00263907
0.00348072
0.00371491
0.0154452
0.00321371
0.00386998
0.00222866
0.00225764
0.00233986
0.00257902
0.00313251
0.00245756
0.00270902
0.00292924
0.00490688
0.00279023
0.00257383
0.00303629
0.00265378
0.0024017
0.00963353
0.00300427
0.00225941
0.00594994
0.00257081
0.00410303
0.00860043
0.00278522
