0.00817302
0.00577963
0.0056579
0.00574873
0.00594485
0.00695005
0.00642201
0.00626673
0.00760156
0.00696639
0.00753021
0.00768412
0.00752071
0.0076191
0.00731789
0.00761352
0.00829183
0.00862372
0.0082352
0.00823066
0.00859452
0.00937297
0.00891028
0.00951561
0.00973056
0.0100179
0.0103533
0.0106975
0.0108612
0.0107193
0.0113034
0.0110018
0.0116286
0.0116974
0.0122141
0.0120431
0.0129685
0.0128475
0.0126838
0.0127529
0.0135366
0.0135968
0.0136749
0.0140311
0.0147829
0.0149836
0.0149887
0.0149795
0.0151066
0.0158663
0.0166093
0.0163526
0.0174489
0.0172045
0.0174827
0.0180697
0.0185522
0.0189547
0.0186374
0.0187358
0.0188249
0.0196325
0.019879
0.0213063
0.0198819
0.0222655
0.0223685
0.0209111
0.0220459
0.0219549
0.0234759
0.0228445
0.0240951
0.0240358
0.0246071
0.0250774
0.0253788
0.0246674
0.0267009
0.02664
0.026353
0.0276371
0.0268792
0.027624
0.0295075
0.0295725
0.0294231
0.0304111
0.0309114
0.031201
0.0311728
0.0319832
0.0309726
0.0329476
0.0323796
0.0336781
0.0331128
0.0349573
0.0349447
0.0354945
0.0357974
0.0368187
0.0373561
0.0369915
0.038655
0.0369168
0.0389742
0.0396893
0.040096
0.0411707
0.0424265
0.0428597
0.0416431
0.0429757
0.0434099
0.0456917
0.0443499
0.0449706
0.046562
0.0463176
0.0471423
0.0469433
0.0481421
0.0494084
0.0493071
0.0504699
0.0497973
0.050753
0.0519633
0.0518028
0.0529795
0.0543566
0.0541617
0.0556664
0.054527
0.0575352
0.0565332
0.0573516
0.0572058
0.0590008
0.060701
0.0608237
0.0697668
0.0632497
0.0695092
0.071556
0.0726234
0.0656989
0.0660409
0.0672113
0.0670313
0.0717576
0.0730027
0.0754957
0.073489
0.0736993
0.0747737
0.0751486
0.077575
0.0933741
0.0789784
0.0799754
0.082931
0.0825243
0.0845811
0.0844187
0.0842406
0.0831194
0.143076
0.0957476
0.104393
0.110381
0.131599
0.125299
0.100651
0.103831
0.0999001
0.0995464
0.106048
0.105745
0.104273
0.107086
0.104633
0.106706
0.1145
0.109399
0.135374
0.123451
0.115922
0.114822
0.115832
0.124769
0.128071
0.118283
0.119654
0.122437
0.122444
0.125535
0.143101
0.128725
0.14228
0.128921
0.13282
0.132243
0.132365
0.133047
0.135778
0.146417
0.142567
0.181646
0.146329
0.164289
0.157574
0.162143
0.167933
0.164422
0.150521
0.154037
0.156978
0.155094
0.155917
0.157512
0.177384
0.188825
0.190618
0.236006
0.232482
0.245267
0.20848
0.188082
0.176896
0.176045
0.17685
0.17709
0.170823
0.173457
0.172653
0.183066
0.175515
0.176059
0.177885
0.180696
0.182136
0.185754
0.202435
0.206459
0.205108
0.20252
0.205076
0.206462
0.208554
0.215782
0.224394
0.216625
0.225946
0.219521
0.226352
0.220943
0.222983
0.246826
0.238663
0.233905
0.233818
0.234114
0.236055
0.23963
0.238617
0.244743
0.245706
0.248962
0.249757
0.251483
0.262304
0.263627
0.258579
0.259041
0.261315
0.264131
0.265867
0.293321
0.294966
0.298492
0.298641
0.278444
0.279772
0.282967
0.291888
0.287261
0.292848
0.291921
0.297221
0.296099
0.300909
0.30187
0.305713
0.315045
0.318192
0.323857
0.324017
0.328275
0.335144
