0.0121282
0.0162933
0.0114919
0.0128679
0.0127959
0.0137391
0.0144081
0.0140452
0.0135816
0.0130279
0.0132039
0.0139086
0.0141744
0.0149462
0.0154767
0.0155451
0.0156332
0.0157925
0.0169629
0.0171076
0.0192304
0.017908
0.0188966
0.0189383
0.019662
0.0193872
0.0200641
0.0216312
0.0212766
0.0235593
0.0220044
0.0235551
0.0243737
0.0235617
0.0262647
0.0253562
0.0251749
0.0264585
0.0272264
0.0271054
0.027711
0.0286379
0.0354192
0.0304024
0.0301109
0.0310337
0.0323737
0.0319991
0.0333524
0.0358599
0.0404714
0.0391859
0.0362153
0.0422281
0.036497
0.0377213
0.0389057
0.0418454
0.044311
0.0436235
0.0424141
0.0430317
0.0438063
0.0444642
0.0463286
0.0460479
0.0490764
0.0514097
0.0546485
0.0539539
0.0563055
0.0509905
0.0529625
0.0581288
0.0617948
0.0566249
0.0571765
0.0610713
0.0600974
0.0618001
0.0602709
0.0654091
0.0667345
0.0660779
0.0683057
0.066241
0.0719874
0.0856767
0.0968204
0.0752492
0.0705435
0.0764684
0.0793115
0.195603
0.110652
0.0910969
0.106776
0.076344
0.078707
0.099144
0.0989987
0.0835737
0.0855436
0.0876442
0.0896743
0.0902458
0.0909883
0.0922491
0.0931953
0.0953437
0.0952034
0.0987594
0.100715
0.111898
0.112814
0.207214
0.14636
0.10538
0.106639
0.107091
0.108916
0.109001
0.109533
0.117232
0.113475
0.114545
0.136607
0.119875
0.117949
0.119815
0.126561
0.12686
0.128631
0.130668
0.128773
0.146513
0.152527
0.126383
0.150985
0.145261
0.155517
0.145145
0.14517
0.160208
0.146441
0.151845
0.151103
0.160162
0.156259
0.158907
0.16351
0.163628
0.163315
0.165496
0.152521
0.155481
0.178965
0.199956
0.183259
0.182196
0.184082
0.180216
0.184058
0.200015
0.193842
0.189105
0.191357
0.214875
0.20116
0.199353
0.212851
0.209784
0.203167
0.202572
0.220911
0.231201
0.234678
0.23708
0.234854
0.242497
0.222935
0.233027
0.246778
0.235535
0.240973
0.23692
0.241818
0.240831
0.27032
0.349502
0.295312
0.254388
0.268718
0.271234
0.264028
0.272269
0.285472
0.270967
0.295627
0.319865
0.300057
0.292675
0.283413
0.287353
0.287469
0.292234
0.301941
0.449568
0.452644
0.470387
0.32485
0.326384
0.324498
0.322332
0.318957
0.339277
0.328944
0.339886
0.333319
0.339379
0.352771
0.347698
0.346702
0.400711
0.353866
0.373826
0.362645
0.361218
0.381807
0.375608
0.384159
0.40666
0.382917
0.409272
0.382204
0.405067
0.39095
0.457036
0.415401
0.420428
0.407603
0.479347
0.418655
0.533212
0.474033
0.437506
0.443906
0.430064
0.479061
0.418274
0.407595
0.446915
0.443131
0.449728
0.45169
0.456977
0.498225
0.507104
0.468902
0.475498
0.550906
0.547269
0.546009
0.52133
0.566795
0.580161
0.534538
0.545321
0.551556
0.562067
0.582224
0.915206
0.648819
0.531378
0.494276
0.49808
0.491771
0.505837
0.501519
0.563227
0.562898
0.570663
0.573505
0.564872
0.634725
0.607052
0.600486
0.586925
0.710249
0.8261
0.622375
0.636034
0.6164
0.639788
0.708426
0.621423
0.603917
0.661229
0.682614
0.660787
0.654736
