20
20
2.74746
3.0285
9.02967
5.3419
9.55555
6.96865
6.01376
8.08559
2.60673
7.65056
4.85192
7.08932
3.7851
9.18224
7.24007
0.204153
2.21349
9.71375
6.66054
5.18596
0.464678
4.6127
6.27988
9.53222
4.85399
8.94095
7.72655
7.18352
8.66193
6.93771
1.72513
4.40492
7.55367
7.56356
5.32471
5.83429
8.13415
4.0322
5.06905
2.66769
9.92755
4.51167
3.22667
7.63827
4.07828
4.24192
5.0705
6.44235
2.06103
0.970132
3.42875
9.84971
2.19189
1.31009
8.37718
1.76622
3.93116
5.86583
1.00001
4.09357
0.800304
2.85391
8.74386
5.5036
9.63314
6.51384
0.778783
7.65598
0.0545944
1.75707
4.95215
4.88798
0.40269
4.89954
8.89046
8.60562
9.93831
1.06181
0.975536
2.46408
1.47689
0.763532
8.49266
4.23346
4.05494
2.37893
7.99273
5.41001
6.28537
9.72841
4.87243
0.374105
0.718948
9.30957
2.2018
2.35247
3.04608
4.6153
8.66919
1.35612
0.796447
8.21741
7.39162
4.92226
0.0707779
7.02735
1.63167
6.74905
0.878532
5.29268
3.41804
1.90355
6.28816
4.95292
4.59523
5.01214
7.79824
7.00311
6.96438
5.30071
2.80566
9.65239
1.30523
7.14218
0.474261
4.55169
9.77727
1.28131
9.88138
3.85632
0.46238
8.972
6.74869
5.48928
0.914951
7.72603
6.9727
4.61167
7.643
2.78828
4.48455
3.91742
2.12685
9.73115
1.47331
3.20853
3.18117
3.70727
0.936153
4.15077
4.76878
7.22182
9.17691
4.47361
0.982441
5.15882
2.91093
9.79364
7.28146
7.84278
4.98248
3.73622
0.110088
5.01191
5.71567
1.11801
5.33501
7.53001
4.24772
9.39251
4.68864
3.83876
4.24076
9.05813
9.78529
5.00674
7.1546
9.05534
0.654774
3.48055
8.94002
9.69701
5.46489
3.26531
5.2328
4.7164
8.50691
6.37996
2.9167
9.13673
9.67989
3.99218
7.24546
0.847797
0.161261
6.02335
8.4807
9.14397
9.46929
6.0234
0.156746
4.77369
4.68928
0.211313
2.62791
4.14821
3.38152
7.7202
6.70495
3.90815
2.19515
8.31725
7.02738
4.32629
3.60184
2.20592
1.83392
4.75726
0.900472
1.48405
2.7465
6.48368
3.13859
4.04158
1.05757
0.673558
2.30366
3.54377
2.33331
1.99924
2.3392
8.69069
1.33008
2.84323
8.96753
2.24682
7.35875
1.26883
0.368522
0.141097
9.71419
0.161692
0.0775895
9.54519
4.76503
9.57039
7.44786
4.10651
0.100225
7.79866
6.61759
5.7173
1.65039
8.40146
7.72482
1.34806
4.31499
7.27812
3.50149
1.09246
2.21278
4.70124
9.20095
3.43798
0.26618
8.22648
7.62344
2.7907
3.1473
5.96918
3.16528
1.746
6.87709
6.51818
4.91193
0.583098
3.60014
8.68843
6.7663
2.48406
4.16495
7.28398
5.9925
2.78543
6.56117
0.306697
8.8175
4.32255
9.98929
2.05383
4.09628
3.64283
6.21806
3.24592
3.86708
1.13728
5.96437
1.20714
1.43033
1.11663
2.56137
1.63858
0.841122
8.03785
8.99849
3.62533
9.82679
2.09924
5.51023
4.08402
6.346
0.589734
2.02449
9.12041
7.03439
3.54986
6.66747
0.324195
8.11679
9.76164
3.63419
5.49768
7.41837
0.829595
5.18844
8.29726
4.65079
4.42237
9.89635
6.84771
8.45796
5.16404
8.78064
2.80635
9.86485
5.17833
8.61227
6.48666
3.76941
9.44844
2.71847
0.0896494
5.64489
4.09066
3.70334
0.780958
3.36919
4.09982
1.2706
1.93522
7.95259
4.10521
5.19006
9.99461
9.35636
2.05223
3.6904
8.17984
6.042
8.75964
4.15967
6.12313
4.75854
0.164706
8.72964
5.09865
3.03532
5.28041
9.21751
5.02018
0.496774
5.35852
9.24631
8.29732
1.508
4.5323
1.82628
3.23513
7.91043
7.0431
2.56243
0.480164
1.15459
0.939683
0.200345
4.01293
5.7688
9.75737
7.42636
1.09544
7.85047
9.85268
2.6194
7.0471
8.92299
4.96363
3.61901
3.64126
2.82475
0.10321
