50
50
2.74746
4.68928
6.96865
7.7202
4.85192
7.02738
0.204153
4.75726
8.22892
5.01456
3.82598
7.67989
1.27061
0.736898
3.20668
1.63851
6.1468
8.62955
3.19981
5.55765
1.4986
0.542829
1.37621
2.4866
9.92599
5.90966
1.41464
4.77742
8.20144
3.38716
0.0647619
7.55764
3.85045
9.92195
5.53717
9.93103
4.1476
5.9475
2.39085
5.28608
8.72682
2.38416
8.05485
0.600266
6.97363
1.4701
3.212
4.5912
3.16088
7.88312
0.464678
3.13859
8.94095
3.54377
1.72513
1.33008
5.83429
1.26883
7.94357
4.97411
8.63212
2.75442
6.3358
3.62438
2.85582
6.5102
4.60101
1.85793
9.53022
5.93153
5.98297
7.48339
9.25951
9.89631
6.19931
9.74665
2.77128
5.6396
4.95782
4.61861
4.77677
5.56421
6.14303
8.28444
3.87132
9.43863
7.99968
3.29145
8.73717
4.53564
4.58615
1.02182
5.47405
7.8812
9.19226
4.23457
1.40994
0.234031
5.46759
4.64117
9.92755
0.0775895
4.24192
4.10651
3.42875
1.65039
1.76622
7.27812
0.471732
4.69972
8.27733
7.15977
4.14738
8.92973
5.523
6.98229
4.04914
3.27748
8.16053
3.78587
4.25162
8.53001
8.78447
4.96941
3.75177
4.13863
5.66467
6.75354
9.33958
2.35167
4.92123
9.41655
3.82448
5.12712
7.7999
6.80124
2.8951
8.46117
2.62912
3.36287
9.56132
0.570521
6.05138
4.47305
4.91921
8.33886
8.36568
2.21451
6.36471
2.11852
0.800304
9.20095
6.51384
2.7907
4.95215
6.87709
8.60562
8.68843
1.73042
9.33454
5.23962
8.73039
9.14307
7.53611
9.90329
3.36124
4.10516
6.99368
8.4425
3.20835
7.61818
9.65326
9.14025
8.44612
7.44628
2.76151
6.48509
2.39701
9.19024
8.33303
5.23545
1.61529
3.10102
8.87716
2.66885
8.56447
6.33947
2.63618
8.74881
9.21123
4.62447
6.30023
0.65334
1.46839
7.26159
8.62338
4.54956
7.48776
5.3541
0.476902
1.47689
5.9925
2.37893
4.32255
4.87243
6.21806
2.35247
1.20714
4.70988
0.47235
2.2961
8.08965
0.157754
1.7089
9.4684
3.26331
8.0297
4.24236
8.80709
8.76241
0.921497
2.57526
9.2592
3.25041
2.89474
7.82959
5.31879
6.78883
0.601978
7.71999
6.7863
3.1549
3.54723
5.55171
6.24381
7.02689
5.8326
3.38246
6.51686
5.02477
5.60267
3.4197
0.984177
5.33334
9.48368
0.0506497
9.01345
2.31088
0.996474
1.49083
0.796447
0.841122
7.02735
2.09924
3.41804
2.02449
5.01214
0.324195
1.90206
8.29206
1.77446
4.32224
5.93457
5.61209
4.46253
5.08681
3.34345
2.14458
6.72845
9.55144
8.7181
2.82827
4.21322
4.00747
6.16242
6.95951
1.81959
7.91376
3.06514
2.33925
1.68415
8.89334
1.85572
8.15044
1.26746
5.66934
9.14116
9.63505
2.29897
0.676869
7.53791
2.64966
8.04179
5.88236
5.23649
4.5103
4.42747
3.58258
7.20138
9.65656
2.80566
7.41837
4.55169
4.42237
0.46238
8.78064
7.72603
6.48666
9.84721
4.77115
6.79062
3.6948
1.45568
0.747202
7.66468
7.25514
6.88455
1.88402
9.39477
2.97241
6.9034
5.96016
1.84366
5.71379
4.14389
1.7854
2.16771
4.48338
2.26404
5.08367
5.61425
5.30319
2.83209
1.04683
6.3957
5.71118
9.64675
4.81706
7.50589
4.18997
4.05778
2.40619
3.59115
9.8691
1.38441
8.25251
0.985584
0.746404
0.678414
3.03583
4.48455
5.64489
3.20853
4.09982
4.76878
5.19006
5.15882
8.17984
8.47929
5.73223
8.14603
1.37459
1.15845
1.57664
7.65082
8.95868
3.28945
9.46241
7.53661
8.84407
0.374491
5.17576
7.40214
2.02738
7.45863
1.22358
1.09366
9.9488
9.56646
9.35309
4.12473
4.23045
7.02142
5.0069
3.51659
3.99145
8.10983
8.66531
9.4969
5.38361
1.91379
2.49937
1.7316
5.31353
8.08725
9.41304
7.38833
7.69853
9.69644
2.03333
4.98248
4.75854
1.11801
5.28041
4.68864
9.24631
5.00674
3.23513
7.94406
1.33283
9.2388
8.89974
4.76467
7.47462
3.94618
6.37882
7.64108
0.498964
7.10563
3.40999
9.28148
0.845328
2.73254
9.16972
4.9796
8.13146
0.0333695
4.53876
2.87846
2.11427
5.84889
1.10102
3.84047
0.254118
5.22014
2.64952
2.03905
2.12862
0.235093
7.76
4.18471
2.612
6.06625
4.5592
1.44769
0.869023
7.12246
7.50556
8.72089
6.97334
8.94002
1.15459
4.7164
9.75737
9.67989
2.6194
6.02335
3.64126
7.75764
8.96739
9.1773
5.8113
6.02984
5.83994
6.07904
8.25684
6.818
8.02562
4.93328
3.73455
7.35179
9.74869
9.08591
9.49395
2.7572
2.31062
1.4442
7.85117
6.00776
6.8461
1.92115
5.16355
6.93484
4.34736
7.06578
5.91071
9.1487
8.63999
7.70325
0.034116
9.69758
9.94957
6.48431
1.87858
3.15187
1.23887
4.33631
6.58733
6.16149
0.657616
0.156746
5.3419
4.14821
2.60673
2.19515
9.18224
2.20592
6.66054
1.30404
8.03521
4.56429
6.21953
9.43553
5.08686
2.89233
9.15413
9.72394
6.85928
8.37084
6.70193
3.24099
7.55615
0.000220481
5.20194
1.61864
7.98948
7.81645
0.747748
3.92829
1.57692
1.72781
3.34583
6.70253
6.24002
3.33062
6.71543
3.1189
8.43682
0.566423
8.67452
9.78252
8.76666
3.93654
9.85873
2.29833
1.05936
1.09484
2.88714
7.04531
5.44607
2.7465
9.53222
0.673558
8.66193
2.3392
7.56356
2.24682
5.06905
3.13002
4.47681
0.294586
0.443205
5.45894
5.42591
7.92151
5.5301
6.29428
6.69387
4.80359
5.34724
9.25055
4.48134
9.10148
8.20605
7.91116
2.74174
8.969
9.3292
3.09061
9.01307
8.26404
3.42182
2.53181
2.46223
0.107713
2.5762
9.2318
0.796075
6.72527
9.48954
5.72902
0.200135
5.21239
2.57049
0.875732
4.38444
9.51158
1.00989
5.22129
7.89966
9.71419
7.63827
9.57039
2.06103
6.61759
1.31009
1.34806
1.00001
0.425331
1.39256
6.57855
1.75377
8.28388
2.20328
5.23029
2.46522
8.38997
0.314028
9.10133
7.6965
3.35783
5.03583
6.87099
4.65033
3.85712
2.76182
6.63034
2.6336
4.52889
6.80996
1.61522
5.08868
8.59524
1.49834
7.65781
1.6474
8.58169
6.61052
3.84812
8.26911
0.623455
6.21978
1.76163
1.94291
5.5196
1.19887
9.15713
5.64025
6.23577
1.44028
2.21278
5.5036
8.22648
0.0545944
3.16528
4.89954
0.583098
0.975536
5.39761
8.28175
5.95667
9.6966
0.467031
4.93288
1.75823
2.20539
2.66863
8.85715
1.06301
4.09001
2.03903
5.91951
0.0816841
7.636
5.67496
0.954691
4.28588
4.31797
3.92973
8.75857
3.94951
7.23797
1.94784
3.61617
1.42909
3.31073
7.56659
6.20802
4.9274
0.702607
2.1869
9.62009
7.16331
9.87797
4.39062
1.89794
9.03593
9.48569
4.62822
4.32641
4.16495
4.23346
0.306697
6.28537
4.09628
9.30957
1.13728
8.66919
5.5941
8.09252
6.05009
0.264
3.31298
7.52459
0.826555
0.204387
1.92978
6.93793
5.77903
5.44502
3.00549
2.36898
4.00043
6.02684
5.81213
1.10378
2.04326
9.78431
0.0563027
5.25145
3.03087
0.663845
0.639711
8.49482
0.122406
0.302784
3.22579
2.35863
1.67662
3.8482
0.636194
7.34959
4.92905
6.63316
4.77683
2.81906
0.239554
2.87991
3.93619
5.19068
2.56137
4.92226
3.62533
0.878532
6.346
4.95292
3.54986
6.96438
1.78145
5.54814
3.31434
2.93587
9.26831
7.7097
1.91766
6.57689
3.32317
6.70759
0.263061
0.100942
2.57223
7.94116
4.30934
8.94696
3.40317
0.659294
4.57799
3.90112
5.44704
5.96407
9.64232
0.249254
1.87092
1.75035
7.127
0.0529442
6.57914
0.920518
2.62917
5.2529
0.760562
7.11445
3.33918
2.66058
9.35572
8.42045
2.60133
9.24273
3.79781
7.57705
3.63419
7.14218
8.29726
9.88138
8.45796
5.48928
5.17833
7.643
0.698324
3.23818
7.82139
5.46977
9.58819
4.93665
2.33302
4.72506
8.87664
8.88472
7.99754
0.285183
9.59947
5.20436
2.7384
9.32926
2.98169
6.81464
8.5849
3.20699
0.719993
6.5422
3.89119
7.91641
0.348055
4.53955
5.07927
6.14985
9.04118
9.81182
2.67083
9.24755
9.61604
6.07619
3.80978
0.881386
1.81624
2.22021
7.02766
5.0977
4.52201
4.20322
2.71847
9.73115
0.780958
0.936153
7.95259
4.47361
2.05223
7.28146
8.38238
3.61029
0.0976514
1.85926
5.48926
5.55783
9.34369
9.3412
2.65208
0.525426
8.89904
2.27124
6.31188
8.97471
1.72765
8.06085
7.72057
5.62823
2.07702
2.05901
4.93575
4.55496
0.136942
9.59002
7.64095
6.38313
8.28754
9.29683
2.88912
3.06234
6.26301
0.505821
6.22024
2.03696
7.29537
8.73762
4.56028
6.49017
5.47783
9.1774
6.23368
9.68309
4.15967
5.01191
5.09865
4.24772
0.496774
9.05813
4.5323
0.654774
9.62423
9.55094
4.82127
0.908593
3.94754
4.67179
9.35223
8.35324
5.51152
9.98571
3.30881
1.90016
4.75904
7.74988
7.70784
5.08725
8.66299
2.70066
4.31105
7.33636
0.848569
7.38222
2.75309
1.02407
0.449794
4.83444
7.64301
4.85419
0.287776
4.87726
6.22727
9.74259
5.08764
2.0669
7.32291
6.9694
3.06094
7.02645
4.29804
3.83079
2.10625
4.39223
2.56243
3.26531
4.01293
2.9167
7.85047
0.847797
4.96363
9.46929
4.17888
6.67389
5.41834
9.38897
0.0839336
6.09887
4.48445
4.89554
4.04332
2.20173
4.39448
4.01696
6.00399
4.86371
0.570887
8.42467
2.3158
0.133225
4.10751
3.18967
7.45905
3.8923
3.18596
2.71958
2.97872
2.48435
3.73635
2.50555
4.50721
1.52544
9.07958
7.28939
2.4288
4.44608
2.95562
3.6164
4.5554
0.629718
4.43243
8.09803
2.11433
3.77647
3.0285
0.211313
6.01376
6.70495
7.08932
4.32629
2.21349
0.900472
4.40578
7.07212
5.47804
2.69331
6.56529
8.35573
5.33545
2.42419
9.75321
1.75401
2.51802
6.20309
3.02825
4.86192
0.300203
2.8274
8.79873
5.1323
0.242255
4.36709
4.35396
6.73694
9.35728
4.36509
5.7432
8.1119
6.70678
3.51102
5.20197
5.80511
2.97803
7.39854
9.56429
0.909038
2.27369
6.90833
8.90293
1.60898
1.58512
2.59735
6.03672
2.89639
4.6127
4.04158
7.72655
2.33331
4.40492
2.84323
8.13415
0.368522
1.10828
1.31137
5.29559
8.05861
4.43806
7.66372
2.62673
6.20862
5.9567
0.0818302
4.38017
8.63266
0.680398
4.9104
0.855034
0.313452
3.41677
7.49923
6.35473
2.21579
4.10127
4.80812
2.70995
3.72005
4.19222
4.85338
2.50639
6.72122
9.90712
7.98271
8.46537
1.93553
9.44884
6.71693
1.25622
7.76252
8.64473
8.78432
7.23362
2.75517
7.00202
7.3689
4.51167
9.54519
5.0705
0.100225
9.84971
8.40146
3.93116
3.50149
4.31998
1.41364
1.0505
7.87246
6.79921
6.69661
1.72273
7.95835
8.36413
5.24269
7.6507
6.11958
9.11043
7.76404
5.95952
7.5203
6.85185
5.07045
7.61959
0.988796
4.94586
5.17068
4.05764
9.25057
8.95521
7.13168
8.63345
2.19187
6.68868
6.35796
3.92515
5.89765
3.91607
2.59849
0.868123
0.287955
7.15328
1.33756
2.89657
2.19321
2.59378
0.395036
2.85391
3.43798
0.778783
3.1473
4.88798
6.51818
9.93831
6.7663
5.49824
3.66398
5.33523
3.82196
8.08451
6.61258
6.75312
3.42869
2.38443
9.27687
2.83088
4.93853
5.09187
9.99969
3.3541
6.69543
8.08294
2.54752
1.14922
5.64416
3.10138
2.00954
7.59069
7.40421
7.26727
2.37249
7.58826
7.83292
0.0910147
7.77968
0.489123
1.01652
2.39788
5.51013
7.45214
0.291422
5.81608
7.60351
2.07685
5.52888
6.84965
1.33098
0.763532
2.78543
7.99273
9.98929
0.374105
3.24592
3.04608
1.43033
3.59233
3.49713
7.16247
1.78719
6.68236
8.93953
8.10452
9.2943
8.8671
8.56792
5.76557
4.46649
4.29826
5.42875
9.03806
2.41065
2.82089
6.15492
1.16022
3.72556
9.98758
6.76291
9.47678
8.03124
3.02332
3.46757
8.8681
6.24606
1.17388
9.66985
7.314
7.97658
2.07914
1.99041
1.4093
0.317276
6.17144
6.06179
1.36807
0.836674
7.53804
6.58134
8.21741
8.03785
1.63167
5.51023
1.90355
9.12041
7.79824
8.11679
5.43661
1.551
4.96441
2.31261
3.21109
7.76139
3.89389
2.77939
4.89034
0.952278
9.76406
9.28522
6.30689
2.70341
7.26766
6.69761
9.0239
5.68262
2.08637
3.0738
6.75065
0.378799
3.6879
9.73107
2.16967
3.72685
7.14671
3.30728
2.18088
8.75708
4.97874
9.43331
6.10596
2.93781
8.40071
4.12282
9.62913
6.43602
3.25864
5.32432
2.55893
1.64182
9.65239
0.829595
9.77727
9.89635
8.972
2.80635
6.9727
3.76941
5.25988
5.84993
3.28494
1.00069
9.86774
8.18242
5.69537
5.25975
5.22005
8.72952
0.0816579
9.45299
2.60051
8.14294
8.77697
4.56389
3.39399
5.77487
3.15997
8.96448
1.6331
7.33843
1.07555
3.47419
9.45518
7.27278
6.96456
2.27723
5.28285
2.98004
0.358846
6.31112
9.07967
0.747419
9.98019
8.60357
9.36239
8.37487
5.38764
8.69996
0.542499
3.70176
3.91742
4.09066
3.18117
1.2706
7.22182
9.99461
2.91093
6.042
3.04077
7.46434
4.5775
8.8301
1.86253
9.48366
1.29201
4.29764
8.35439
0.377182
3.85855
0.563376
8.01706
8.51932
5.16225
8.81718
1.17195
8.21378
6.625
9.81333
9.77501
4.16475
2.20768
1.98475
2.10368
3.95267
6.98017
2.8979
2.49357
7.93612
7.08313
6.64681
9.96234
8.02446
8.67685
6.2112
6.35873
2.69499
3.92298
1.51951
7.31678
9.59159
3.73622
0.164706
5.33501
9.21751
3.83876
8.29732
7.1546
7.91043
4.19625
2.38668
2.1165
4.57416
5.09274
8.41436
1.0017
9.93345
6.1416
5.53851
0.762139
0.448389
3.78854
7.24225
3.78017
8.61332
0.525213
9.27649
3.36779
3.74371
1.76242
6.30691
9.86036
4.10275
3.30053
0.670081
0.199526
9.50196
3.82293
0.197366
5.84414
5.6398
7.54339
2.89316
2.00948
1.76746
2.98636
3.35072
5.84092
5.48308
7.62178
7.41061
9.69701
0.939683
8.50691
7.42636
3.99218
7.0471
8.4807
2.82475
2.30298
6.41826
4.84494
8.27708
3.51022
5.24151
0.195449
6.4345
7.39686
0.834239
7.85786
2.8665
2.38039
2.59808
3.17456
4.16
6.7659
6.72279
0.79895
4.36183
2.22383
7.60308
9.11537
9.68111
1.23312
9.81403
2.72398
5.00907
9.77151
1.06952
3.29091
7.86873
6.26728
2.20495
4.5452
4.21108
1.64632
3.70651
5.18861
7.34887
3.41274
2.30621
4.77369
9.55555
3.38152
7.65056
8.31725
7.24007
1.83392
5.18596
3.14398
1.05578
1.54346
0.694275
7.95129
3.97532
9.15129
8.6532
6.19491
7.69796
1.93725
9.96907
3.63602
6.36894
9.03632
2.93156
4.61027
8.93563
4.79044
0.212147
6.8988
2.41515
2.3208
8.69135
2.20811
4.88757
9.92669
7.19275
8.66745
6.49017
1.72954
1.5443
7.58814
9.14614
8.01129
9.42804
3.51541
2.38912
3.50434
6.5004
0.926318
4.7081
6.48368
4.85399
2.30366
6.93771
8.69069
5.32471
7.35875
2.66769
2.42517
7.40125
5.94248
2.25405
6.36335
9.15125
4.20838
1.57196
2.28841
4.16805
3.96195
6.00604
5.28714
7.78508
5.15638
1.09992
0.451198
5.18615
4.78243
8.52113
9.96387
9.69407
9.92513
1.6604
7.15098
0.592028
5.73669
9.43298
7.97053
6.14487
8.23499
0.925878
6.27021
5.27732
0.0643314
2.36773
9.96
4.82082
9.05292
0.0742762
0.782667
5.29373
0.161692
4.07828
7.44786
0.970132
5.7173
8.37718
4.31499
4.09357
0.246549
1.39237
3.47707
1.0315
9.84602
8.8659
3.05126
2.94469
1.99787
2.69217
7.38808
8.79804
8.36336
0.0814636
2.43407
4.05632
2.96521
6.46943
3.57023
0.00143565
7.18165
2.22169
3.89214
5.24531
7.37615
8.09847
6.5953
4.44769
7.77119
4.36097
2.02808
2.40438
0.85343
3.22677
0.0192415
2.09228
0.838581
7.94108
6.59855
7.58291
8.88034
6.94739
4.70124
9.63314
7.62344
1.75707
1.746
8.89046
3.60014
2.46408
3.61571
5.75551
9.8208
7.85404
2.09867
2.90505
4.67428
5.63549
0.244054
0.975439
0.0977763
3.75494
7.88763
4.89895
7.82079
7.90097
8.36204
3.07426
0.455111
6.96569
6.23838
4.76682
7.24203
8.1079
6.03259
0.0146923
7.72658
3.99399
1.56255
4.95135
4.35866
4.90718
7.14946
9.71666
4.06267
3.90109
8.43462
0.727976
1.87001
8.7149
7.29102
6.82662
7.28398
4.05494
8.8175
9.72841
3.64283
2.2018
5.96437
1.35612
4.15558
6.73579
1.1821
0.984431
5.50641
6.68737
4.11167
4.93321
6.39357
1.16173
2.40444
9.2144
2.90532
7.43834
4.29663
9.54604
7.89748
7.94765
1.26752
0.918147
9.15411
8.0271
5.16057
3.27568
0.252005
9.46919
8.40554
7.99745
4.31
8.78105
6.9838
0.137107
0.894674
1.57755
0.717671
3.83612
7.22159
3.4442
3.60248
7.56204
6.13676
5.77063
1.63858
0.0707779
9.82679
5.29268
0.589734
4.59523
6.66747
5.30071
4.95642
1.86472
5.77317
9.12116
0.00377213
0.574793
2.51966
6.208
0.0275688
6.93453
6.19517
7.56045
9.28485
2.65672
1.69326
7.30673
5.85995
4.29902
8.88902
6.79026
7.78363
9.94168
0.678442
8.40021
0.923382
3.65018
2.83911
1.47459
3.6038
7.74344
8.54494
7.42914
6.4561
6.64647
1.00342
7.42563
0.322264
7.99173
5.61201
9.89379
9.87681
8.43821
5.49768
0.474261
4.65079
3.85632
5.16404
0.914951
8.61227
2.78828
5.51777
4.04756
1.59526
2.17628
8.03324
8.51714
9.13681
0.722305
3.5875
3.12002
6.82622
3.30638
6.60573
7.72722
2.03401
1.90844
4.52446
0.0337671
2.2747
4.87945
9.30352
7.10608
8.92618
7.00124
7.88831
8.16513
8.99405
9.66333
0.703713
4.5864
6.65762
5.58405
4.68737
2.36632
2.10446
9.78345
3.67111
5.23827
6.29749
2.29748
4.49241
6.48318
0.0896494
1.47331
3.36919
4.15077
4.10521
0.982441
3.6904
7.84278
4.00279
1.50693
7.97272
4.67923
6.96209
7.43457
1.77635
2.18834
3.27812
3.04575
1.79922
2.18681
9.80873
3.3985
6.14029
5.25983
2.04136
9.73306
3.43523
5.40153
1.41815
3.11077
0.77482
8.57887
3.0841
0.516013
4.80124
3.70864
3.95675
3.59811
4.48969
4.32708
4.95245
3.98373
4.30882
3.70522
8.606
1.69671
4.58807
8.30844
6.81518
8.80647
6.12313
5.71567
3.03532
9.39251
5.35852
9.78529
1.82628
3.48055
3.43571
7.59695
3.9192
0.495747
1.16222
2.15143
0.170482
5.16668
3.31702
6.39694
3.73178
6.40451
9.65934
7.83248
9.09541
9.33411
3.31858
5.5226
9.98268
6.73906
7.35009
9.29477
4.80318
2.63067
7.9448
8.65708
6.3557
5.46604
1.71363
6.40875
8.04184
2.81275
8.36989
9.14584
2.73501
2.73916
8.40951
7.40477
3.00034
7.59232
9.57325
0.471539
0.480164
5.2328
5.7688
9.13673
9.85268
0.161261
3.61901
6.0234
3.46183
5.38039
0.834058
1.07602
2.79791
5.99176
3.08299
7.10112
1.22858
3.61898
3.93185
6.71638
5.88721
8.57255
4.76655
1.07816
9.50406
8.16523
2.30807
9.41821
2.18198
9.22034
4.77507
8.10225
1.72877
8.41925
4.21419
2.31285
2.74277
6.71502
6.89272
3.34405
8.87208
4.97832
8.17071
4.34265
5.1188
6.10729
3.41995
9.80304
3.2133
3.45652
9.02967
2.62791
8.08559
3.90815
3.7851
3.60184
9.71375
1.48405
1.76043
0.474323
7.15002
0.490522
2.99193
3.2745
7.85539
0.445182
0.0961211
1.07137
6.7325
5.92136
7.16051
3.1472
5.2262
4.75378
4.79857
2.04367
4.87943
3.2527
7.4259
9.95687
2.69597
3.74242
0.0189405
4.86337
1.86703
9.61935
3.10545
2.2381
2.19294
4.36119
4.65003
3.93331
0.793125
5.5838
1.75787
2.93558
8.92437
4.89577
2.97667
9.46408
6.27988
1.05757
7.18352
1.99924
7.55367
8.96753
4.0322
0.141097
4.73975
5.63216
8.48349
6.71528
0.597747
7.23829
3.06281
4.32081
3.04096
3.25622
2.10262
3.10645
2.90034
5.38863
9.09563
4.53605
4.93722
3.51209
7.79913
7.48681
1.27839
0.871686
6.53099
5.97649
4.64733
4.8971
9.68632
2.18147
4.83252
4.84557
8.60826
1.48728
8.15241
7.9125
6.67156
2.59788
0.707844
8.46413
4.09518
0.479457
6.61856
5.91761
3.22667
4.76503
6.44235
7.79866
2.19189
7.72482
5.86583
1.09246
6.59185
9.85719
1.12864
1.51923
8.25685
1.41767
1.0045
2.63123
7.52287
0.312853
8.73544
2.06362
5.13776
3.05389
3.86803
9.28421
7.41522
0.906969
1.27707
8.74741
5.27259
8.23341
3.03911
1.52407
4.26059
0.881478
4.3219
4.88905
1.97457
7.51109
3.61798
2.83359
4.60109
5.17845
3.38309
6.91315
5.99454
0.491731
2.93153
0.812936
8.43459
1.35618
8.74386
0.26618
7.65598
5.96918
0.40269
4.91193
1.06181
2.48406
2.18576
1.86688
3.72857
2.2443
1.27581
5.47779
3.08568
2.9104
8.48609
1.38539
5.83383
3.61786
0.518348
8.18303
2.0972
9.40411
8.65569
4.80549
1.50977
5.88631
1.9548
6.76683
4.31119
8.8311
8.61418
6.36172
9.52484
1.26675
1.68714
8.84862
6.04106
2.6303
5.27348
0.153087
2.55475
7.52671
7.27747
4.13445
8.0815
0.536015
9.21244
0.904365
8.49266
6.56117
5.41001
2.05383
0.718948
3.86708
4.6153
1.11663
0.13736
3.91391
4.44016
6.41188
1.06478
2.17116
4.82104
6.52621
5.70959
2.11336
3.16563
7.19646
4.93937
1.30814
9.17731
2.17205
0.612177
4.46678
2.08501
1.80478
5.20812
9.63026
0.480496
3.21446
6.59517
8.51326
1.11541
5.4922
2.39911
1.05359
3.53566
2.18988
0.339315
7.53259
3.83487
2.47585
5.09846
0.362075
3.1311
9.96515
1.24678
0.244016
7.39162
8.99849
6.74905
4.08402
6.28816
7.03439
7.00311
9.76164
2.18595
7.94971
7.17874
1.78323
1.56983
8.94225
1.83106
2.83562
9.45264
7.25078
4.51447
7.50864
8.14326
5.42287
7.86846
5.31105
3.22735
2.01075
3.32033
8.53172
5.32889
3.48486
6.06998
2.18791
4.9003
9.3763
4.44431
5.19183
5.20036
9.86972
5.2946
6.68179
5.23729
2.52805
8.31214
3.54631
0.771362
3.31079
3.17108
3.69285
2.37078
6.54686
1.30523
5.18844
1.28131
6.84771
6.74869
9.86485
4.61167
9.44844
3.96721
7.41503
7.04291
5.18017
0.544125
3.18749
5.00334
9.48729
1.80926
8.09299
6.09689
3.7188
3.09058
6.12419
6.40653
8.35107
2.05886
5.46478
6.08777
9.78743
7.40183
2.7309
3.95351
9.08036
0.485106
8.11207
6.65184
1.3197
8.26627
9.76914
8.67022
7.88321
6.03404
7.26754
5.89393
0.187289
6.63319
2.55491
0.682839
9.77874
3.01025
8.48141
2.12685
3.70334
3.70727
1.93522
9.17691
9.35636
9.79364
8.75964
0.835684
7.15209
2.26155
1.88165
0.652965
7.10781
7.15406
1.25126
4.58623
0.998078
1.16317
7.48164
4.53884
6.5125
1.91571
1.50132
3.59386
1.28142
0.669911
5.01177
5.92811
6.17246
4.37169
1.13087
6.94323
3.05281
6.19468
1.64205
1.44029
0.865403
6.20649
1.43743
9.95536
3.60877
7.64464
3.35723
6.9147
2.58228
0.158763
5.06285
5.76879
4.44724
0.110088
8.72964
7.53001
5.02018
4.24076
1.508
9.05534
7.0431
0.568331
1.56
7.27639
3.64248
7.0591
4.50008
1.17475
2.17681
2.10472
7.77621
3.41351
9.77988
4.45513
4.39758
9.59611
3.37191
0.947918
7.63898
5.39735
0.590736
0.264649
8.03982
6.20692
1.77794
2.54124
5.75942
2.73184
4.48866
8.08948
2.93206
1.55761
7.18761
1.45753
4.56501
5.60751
2.28393
5.33164
9.80097
8.64891
2.87024
8.60446
6.22995
5.46489
0.200345
6.37996
1.09544
7.24546
8.92299
9.14397
0.10321
3.59144
6.96596
1.86418
6.08876
4.49167
7.85928
4.35556
7.84052
7.32078
8.0787
9.4057
5.61896
7.84962
3.87407
4.11437
3.43832
0.721851
8.16544
0.398819
7.12379
8.2504
0.113113
6.7066
0.104432
0.934901
2.94651
4.29485
6.17388
8.55405
4.6464
4.8975
7.6258
1.12168
9.33445
3.21684
7.15669
9.69413
9.58136
4.98088
3.60954
5.1165
2.87364
