100
100
2.74746
6.96865
4.85192
0.204153
8.22892
3.82598
1.27061
3.20668
6.1468
3.19981
1.4986
1.37621
9.92599
1.41464
8.20144
0.0647619
3.85045
5.53717
4.1476
2.39085
8.72682
8.05485
6.97363
3.212
3.16088
8.22371
2.02631
3.61029
9.87394
6.47817
2.37517
6.1612
3.72407
8.69206
7.29708
6.10233
3.46064
1.5012
3.20424
1.06552
3.04567
6.28359
9.64712
4.99986
8.11304
9.94335
0.392111
5.59801
1.69827
2.80748
5.6815
5.54288
4.28936
9.06396
2.13334
7.49045
5.48996
9.01281
9.64897
0.992274
0.736854
9.93
8.2024
6.39533
8.18369
8.12386
0.15805
4.98296
0.253714
3.02007
6.28485
2.95697
3.32474
9.02292
2.10477
5.39866
9.2444
7.0949
8.70311
9.63628
6.44109
9.11
2.36677
8.38884
3.01552
4.83893
0.93387
5.05756
8.69358
5.94673
2.31584
7.79609
0.478416
9.45907
8.26097
2.89151
9.52861
1.67742
1.95255
3.30389
0.464678
8.94095
1.72513
5.83429
7.94357
8.63212
6.3358
2.85582
4.60101
9.53022
5.98297
9.25951
6.19931
2.77128
4.95782
4.77677
6.14303
3.87132
7.99968
8.73717
4.58615
5.47405
9.19226
1.40994
5.46759
9.12634
3.26242
4.3126
4.91958
1.93363
7.91118
2.97498
4.19454
6.06153
4.39906
0.907457
1.06266
1.48179
3.98227
9.18985
1.07011
8.43327
1.42544
7.50387
2.78813
0.883621
5.81388
9.58976
5.14794
5.27642
5.58339
3.31522
7.52255
8.37598
7.66285
0.864745
8.43518
1.94672
5.65684
7.24395
9.31249
4.63283
6.44752
7.1363
9.25042
4.43625
2.72965
1.92724
3.60061
5.33197
4.28024
7.97788
6.73074
7.4875
8.40369
1.22051
3.56287
3.82604
6.29825
7.02866
8.94813
1.71591
5.42471
7.06414
4.83823
5.64217
4.67944
8.43206
5.79516
4.05741
7.09057
9.31075
8.32104
2.21457
0.814049
2.72123
4.01831
5.05907
2.9053
0.993507
9.92755
4.24192
3.42875
1.76622
0.471732
8.27733
4.14738
5.523
4.04914
8.16053
4.25162
8.78447
3.75177
5.66467
9.33958
4.92123
3.82448
7.7999
2.8951
2.62912
9.56132
6.05138
4.91921
8.36568
6.36471
0.242537
8.58856
1.47925
3.92879
3.59334
7.89072
8.45932
0.536144
1.51429
0.101175
6.331
2.95967
9.26903
4.8393
3.48858
2.31901
2.95249
1.42213
0.526298
2.28453
1.72644
0.638225
7.48438
7.1191
6.5851
0.357822
1.01257
1.88951
9.6027
2.24504
0.657535
6.65517
2.87707
1.58678
3.33181
3.31385
0.183791
0.775059
8.22729
5.72234
6.32199
7.7907
7.00001
1.09045
2.53628
5.66008
1.39113
4.98693
8.08732
8.32577
4.7299
8.6899
0.353523
1.05331
5.40167
6.19393
9.1263
3.28127
8.1906
3.44704
6.97147
2.37569
8.96276
0.358529
8.05758
6.91065
5.58698
6.79558
0.675762
6.77344
0.180829
2.23603
2.90623
8.72261
2.40386
0.800304
6.51384
4.95215
8.60562
1.73042
5.23962
9.14307
9.90329
4.10516
8.4425
7.61818
9.14025
7.44628
6.48509
9.19024
5.23545
3.10102
2.66885
6.33947
8.74881
4.62447
0.65334
7.26159
4.54956
5.3541
8.61874
3.98506
2.72552
5.70285
1.06054
2.6084
7.99998
6.83027
0.0789855
7.43789
2.72361
4.29536
2.79887
5.85862
1.22115
9.30284
4.5173
0.372386
1.82671
0.368672
0.533693
8.55683
9.84238
7.06899
9.42521
8.51912
2.84633
7.44259
4.74215
4.16757
1.66916
9.61065
3.16603
7.08149
9.39653
3.18765
9.20287
2.76028
9.43104
2.92551
3.04152
8.46609
5.77423
4.53084
3.3133
3.81045
1.47362
8.84428
9.94894
1.76531
2.84576
3.49906
6.30191
1.70913
8.69305
7.84825
8.93312
5.68847
1.96114
3.1139
3.76431
7.32958
0.554955
5.14399
8.07766
1.20461
6.19345
8.81745
3.99061
1.45802
5.61781
1.66587
3.70785
4.82472
2.54449
1.47689
2.37893
4.87243
2.35247
4.70988
2.2961
0.157754
9.4684
8.0297
8.80709
0.921497
9.2592
2.89474
5.31879
0.601978
6.7863
3.54723
6.24381
5.8326
6.51686
5.60267
0.984177
9.48368
9.01345
0.996474
0.457316
3.24254
3.80033
2.26483
7.28255
6.11686
9.49722
3.88551
5.3312
2.59359
4.36833
4.88459
1.45347
4.23937
9.22696
6.60012
2.0093
5.43049
9.50678
8.33102
0.859655
4.34883
0.969239
6.57997
6.34315
0.310247
0.25237
7.05621
7.68054
0.532238
7.35588
4.7991
7.68118
8.7041
8.03162
9.4115
4.69018
5.65031
4.25983
0.255777
7.01262
2.62168
8.57456
4.77315
9.10746
9.14988
7.7273
7.6265
1.68825
4.87177
7.41355
3.54559
6.89245
4.067
8.39841
0.519508
7.37944
7.87165
4.92676
6.10319
3.24669
6.02138
9.1358
1.00165
7.93934
5.61982
4.6487
0.976265
7.54157
0.990094
8.04852
3.934
0.232303
0.265925
5.3284
0.796447
7.02735
3.41804
5.01214
1.90206
1.77446
5.93457
4.46253
3.34345
6.72845
8.7181
4.21322
6.16242
1.81959
3.06514
1.68415
1.85572
1.26746
9.14116
2.29897
7.53791
8.04179
5.23649
4.42747
7.20138
6.82388
7.39978
6.92452
3.61162
2.65152
1.38201
3.53161
7.01513
6.75307
4.41434
7.99853
5.14922
6.2512
1.08089
8.93474
3.00328
7.17409
6.07931
4.05641
5.36633
4.03848
2.48172
2.21023
4.76526
0.462219
8.22545
4.70863
3.44388
3.35156
8.48223
1.39089
9.64475
6.53494
1.03925
6.00553
2.92821
5.07468
4.09214
8.8742
3.03383
3.068
8.3222
9.97896
3.54107
2.71736
8.63246
3.51244
8.79198
2.62136
5.03836
8.176
2.43642
4.46667
2.76105
7.53122
5.59744
1.1408
1.2956
0.153441
9.66842
0.340929
4.45674
4.78287
7.80354
0.720594
4.7407
6.95543
0.802147
4.45027
9.0218
3.26722
0.39716
5.28854
4.53774
1.88201
2.80566
4.55169
0.46238
7.72603
9.84721
6.79062
1.45568
7.66468
6.88455
9.39477
6.9034
1.84366
4.14389
2.16771
2.26404
5.61425
2.83209
6.3957
9.64675
7.50589
4.05778
3.59115
1.38441
0.985584
0.678414
0.260563
1.5874
9.61983
3.38295
4.44982
0.87395
6.27349
0.5536
0.68626
4.10886
3.08718
6.58313
4.45428
0.544175
4.47337
3.2834
2.8576
5.91488
2.50881
9.01954
0.697057
3.36097
5.15694
7.52944
9.62773
4.33924
8.54086
3.74702
1.48146
5.17899
0.0387271
1.49112
4.42032
4.48532
2.01152
2.38169
7.97779
6.22235
5.15272
8.35663
0.738531
1.94556
9.77818
1.42521
1.02538
6.05293
0.465866
0.312309
2.20658
9.02437
9.40658
2.10026
7.56853
0.0499633
0.142122
8.97883
4.52534
4.68468
8.78694
1.09344
6.81275
4.51046
3.63119
1.74515
6.94283
3.44224
6.74995
3.88876
7.35037
2.55189
9.95921
3.18085
1.02778
3.1495
2.07686
4.48455
3.20853
4.76878
5.15882
8.47929
8.14603
1.15845
7.65082
3.28945
7.53661
0.374491
7.40214
7.45863
1.09366
9.56646
4.12473
7.02142
3.51659
8.10983
9.4969
1.91379
1.7316
8.08725
7.38833
9.69644
4.15907
5.04381
8.71224
1.33783
8.15081
6.43673
5.12864
1.53198
3.82334
6.47506
4.8581
9.90074
7.2921
1.07432
0.693869
5.99841
0.199347
4.28131
2.1806
8.14397
8.5527
6.73946
6.7139
6.87704
0.620022
8.99878
5.37216
6.21839
3.41575
7.39946
5.47038
5.25508
8.4896
8.53452
5.29817
3.66833
2.56774
3.03707
9.70023
0.973163
2.36043
6.60459
6.00835
7.78024
9.83745
2.43212
7.82205
0.277913
3.45869
3.84292
2.34657
7.5014
6.08016
5.1481
9.20111
2.40301
3.75866
7.32777
1.99751
3.99209
7.30253
8.50006
5.25204
5.38851
2.51217
7.69872
2.05989
9.80155
2.51553
6.80544
4.50289
1.01141
0.970347
7.63352
5.26585
4.98248
1.11801
4.68864
5.00674
7.94406
9.2388
4.76467
3.94618
7.64108
7.10563
9.28148
2.73254
4.9796
0.0333695
2.87846
5.84889
3.84047
5.22014
2.03905
0.235093
4.18471
6.06625
1.44769
7.12246
8.72089
6.41547
5.61692
5.0999
7.49688
8.102
5.30406
2.9292
6.85381
6.01954
1.11425
7.17714
0.238691
3.04991
4.65342
9.89897
3.63923
3.67574
9.57654
2.96476
4.28697
1.08807
8.13731
6.49655
3.42949
2.99695
3.7194
2.26386
3.25991
2.38193
9.80627
5.43364
6.12172
4.71402
8.85558
5.29255
8.9701
4.6477
7.7866
8.42472
5.55949
7.17855
0.607883
5.85095
6.96625
4.42185
5.98928
7.85635
7.96023
7.52062
8.51287
9.55171
1.57343
8.97049
5.99956
3.78728
4.73136
5.23992
6.2884
9.34684
8.63057
4.28738
0.695774
4.29802
5.89151
7.4194
5.48474
6.16983
6.51611
5.29765
7.78536
0.996229
6.37831
0.914033
2.13399
1.96456
8.94002
4.7164
9.67989
6.02335
7.75764
9.1773
6.02984
6.07904
6.818
4.93328
7.35179
9.08591
2.7572
1.4442
6.00776
1.92115
6.93484
7.06578
9.1487
7.70325
9.69758
6.48431
3.15187
4.33631
6.16149
7.67117
6.68423
5.18391
1.47374
0.779196
5.4172
7.76822
8.18809
1.41077
3.09628
5.06078
0.974114
3.9989
4.11659
9.92868
4.30981
9.51383
4.96768
9.96943
2.09565
1.68538
2.35753
3.54777
4.18221
2.35294
3.65183
9.14766
2.5756
5.52118
6.9876
4.09513
3.67472
9.19345
3.40364
3.46684
0.715426
1.20779
7.13671
5.16586
2.45466
0.140817
8.68702
8.99092
9.93932
9.4368
9.96924
3.35261
7.94765
6.18815
1.80973
4.63104
2.87659
3.43015
6.0827
1.98136
2.44696
4.68602
5.42038
2.87192
0.409222
6.60945
2.61495
3.88183
6.11369
1.45975
5.43286
0.877488
9.28364
8.07845
2.01212
1.46734
1.41347
3.21538
3.02862
5.68964
0.156746
4.14821
2.19515
2.20592
1.30404
4.56429
9.43553
2.89233
9.72394
8.37084
3.24099
0.000220481
1.61864
7.81645
3.92829
1.72781
6.70253
3.33062
3.1189
0.566423
9.78252
3.93654
2.29833
1.09484
7.04531
6.46529
3.09963
9.93286
4.49683
9.91032
7.38036
5.00475
2.64828
7.38528
5.4181
4.89105
0.56679
0.590084
5.85577
8.77457
3.35282
9.18859
2.92799
8.48507
5.68229
4.90155
4.51406
6.14263
8.35239
4.61818
6.07266
4.81737
8.08894
0.0872143
7.52003
7.72357
6.43208
2.70675
5.47612
6.27184
7.69476
2.68377
2.9746
3.1302
3.32741
6.12863
8.93881
1.25067
9.82572
6.23824
5.47393
4.38889
3.85749
5.18201
9.30675
8.09891
3.00114
3.1183
9.97968
4.52659
2.25561
8.55904
6.64537
2.53907
3.62565
4.18421
1.97661
4.43845
6.62523
7.82388
5.96906
0.556811
8.97215
4.53442
5.4049
6.31368
0.00151353
5.09344
7.21096
7.06099
2.7465
0.673558
2.3392
2.24682
3.13002
0.294586
5.45894
7.92151
6.29428
4.80359
9.25055
9.10148
7.91116
8.969
3.09061
8.26404
2.53181
0.107713
9.2318
6.72527
5.72902
5.21239
0.875732
9.51158
5.22129
1.12357
0.781977
0.0857971
8.38798
0.352043
4.02876
0.294847
4.2171
9.17418
9.00424
5.88607
5.53801
3.53905
5.8495
5.19455
5.30163
6.41019
9.93327
9.05401
8.46448
7.69109
0.93289
3.74211
6.23098
5.02495
7.96738
2.93476
0.0548997
4.45405
8.21024
5.07388
4.07485
0.580002
8.51648
1.44298
6.69949
6.08835
6.87353
8.86004
2.79168
0.010216
9.66426
4.06139
8.33209
0.697172
6.53976
3.49004
5.92887
7.07755
3.30549
3.82496
0.894067
5.17309
2.18649
1.92077
3.10075
6.26654
9.90363
1.87886
9.6847
5.11554
0.248308
5.74532
1.50299
6.89997
1.82718
1.37828
1.72512
3.01986
0.906157
3.57085
4.63838
8.35583
0.283365
8.55572
9.71419
9.57039
6.61759
1.34806
0.425331
6.57855
8.28388
5.23029
8.38997
9.10133
3.35783
6.87099
3.85712
6.63034
4.52889
1.61522
8.59524
7.65781
8.58169
3.84812
0.623455
1.76163
5.5196
9.15713
6.23577
2.9649
1.59798
5.08273
3.50431
3.85179
9.93626
4.40528
6.14208
5.84516
5.88717
5.79997
4.40747
4.66163
0.140698
2.19834
0.643273
2.989
7.1244
8.6003
0.493266
7.58567
6.35299
2.85038
3.83095
9.02409
2.3718
0.686338
3.63844
1.46747
1.63254
1.96626
6.65699
7.77967
9.08416
5.75213
3.99172
6.95824
8.19844
5.12507
8.91443
3.97274
2.03927
5.49689
4.36166
4.22592
5.62655
3.20701
0.906607
6.47442
5.64775
8.75875
5.19114
3.45189
5.79116
4.47411
5.32505
5.21253
9.504
3.34574
9.78833
0.675402
5.51111
7.39592
5.57348
8.17044
3.13395
8.59643
6.59186
3.67355
6.38136
7.66191
4.33035
4.85141
4.40326
2.56906
2.21278
8.22648
3.16528
0.583098
5.39761
5.95667
0.467031
1.75823
2.66863
1.06301
2.03903
0.0816841
5.67496
4.28588
3.92973
3.94951
1.94784
1.42909
7.56659
4.9274
2.1869
7.16331
4.39062
9.03593
4.62822
3.41268
5.29989
7.5866
6.75059
8.5434
5.03297
3.98632
5.52761
0.163467
4.62237
6.0666
9.51911
0.052345
4.98731
9.10011
5.88018
0.571097
0.753648
3.32488
2.32021
5.23709
5.19698
3.06606
7.9454
5.87452
2.61602
4.95484
9.24982
0.868529
0.688129
2.26201
2.05494
6.28813
9.89117
6.36965
6.7127
9.64677
8.27859
2.01693
3.78487
8.76862
8.25903
3.28161
0.585723
5.76478
4.54192
1.90162
5.94314
2.56018
5.29717
1.56148
1.31795
9.39191
7.34845
1.78873
3.07029
3.06916
1.16354
1.03841
6.68051
1.64496
4.57678
8.52524
9.82935
4.92218
8.32692
0.13172
1.93283
0.0178053
0.367492
8.0315
7.56339
0.588839
5.75289
4.64414
4.16495
0.306697
4.09628
1.13728
5.5941
6.05009
3.31298
0.826555
1.92978
5.77903
3.00549
4.00043
5.81213
2.04326
0.0563027
3.03087
0.639711
0.122406
3.22579
1.67662
0.636194
4.92905
4.77683
0.239554
3.93619
7.9502
9.90104
4.94666
9.17256
1.74353
6.37322
8.25983
4.25033
9.95484
2.73897
6.57582
2.61362
6.165
8.00723
8.24249
0.0105534
1.52555
2.38738
8.16505
5.31394
3.22899
4.06066
1.28918
5.40109
1.64659
5.6703
3.78963
5.13727
0.331074
2.68755
2.81442
0.725531
4.89535
5.05671
3.97634
0.412114
1.81336
7.85762
2.02382
0.100852
8.74474
2.25988
3.66172
1.04231
3.04148
9.81892
4.93638
1.8091
9.51021
2.97361
8.39262
9.19038
2.36061
2.66646
3.1783
9.5336
4.10446
4.15564
5.5172
4.78044
8.26101
1.42602
5.36243
9.56884
5.31118
4.72639
3.66444
2.02407
2.77192
7.29598
0.812463
9.81001
4.76917
9.40026
8.38171
2.56137
3.62533
6.346
3.54986
1.78145
3.31434
9.26831
1.91766
3.32317
0.263061
2.57223
4.30934
3.40317
4.57799
5.44704
9.64232
1.87092
7.127
6.57914
2.62917
0.760562
3.33918
9.35572
2.60133
3.79781
8.73554
4.56869
0.961923
9.80083
6.93466
8.36996
8.833
1.30143
1.62952
1.17945
1.55589
2.05099
3.41539
3.2201
3.9454
1.15756
0.782283
2.86267
7.97613
5.17235
4.61743
2.65219
1.9548
1.10178
3.65076
1.27036
4.51839
7.71175
8.11001
3.56485
2.78522
6.94466
7.94673
9.05328
3.69757
4.74737
4.80675
4.19744
0.139218
3.20242
1.86031
1.73348
4.28504
7.8907
4.74681
8.97379
1.97073
2.50074
7.70482
2.79025
6.37784
2.60039
3.74639
2.57808
7.79122
2.3274
8.94904
5.20766
7.93612
0.905627
0.69373
4.91605
6.99528
9.59624
4.145
8.22207
0.15293
7.39459
2.96866
2.72114
5.88769
9.07632
8.2669
8.14135
8.16931
3.63419
8.29726
8.45796
5.17833
0.698324
7.82139
9.58819
2.33302
8.87664
7.99754
9.59947
2.7384
2.98169
8.5849
0.719993
3.89119
0.348055
5.07927
9.04118
2.67083
9.61604
3.80978
1.81624
7.02766
4.52201
1.85089
0.890685
8.5595
4.13317
8.24538
6.78651
3.29403
0.896886
5.78631
7.86774
0.650143
7.53148
6.85569
9.1065
9.32247
8.20934
8.69308
2.92325
8.03002
1.25193
7.55302
2.00608
1.1026
8.93791
0.509995
6.52118
9.37296
6.23929
1.82002
1.49597
2.54334
6.41774
1.54319
4.62961
2.39646
4.95305
8.5481
1.60548
7.97761
8.92592
8.09054
1.99611
9.00251
3.2805
6.95693
3.41889
0.218828
0.392281
7.92777
9.54993
7.82857
2.53539
2.35708
7.99787
2.61415
8.79936
6.06496
4.00569
3.45508
2.6252
0.138454
9.59557
7.61661
8.9175
6.40413
1.4119
3.59129
8.5401
0.469555
5.55161
7.3399
9.57818
6.10174
3.78865
8.21438
2.71847
0.780958
7.95259
2.05223
8.38238
0.0976514
5.48926
9.34369
2.65208
8.89904
6.31188
1.72765
7.72057
2.07702
4.93575
0.136942
7.64095
8.28754
2.88912
6.26301
6.22024
7.29537
4.56028
5.47783
6.23368
4.43338
0.884559
2.35826
5.37192
8.50958
5.13551
5.51432
5.84734
9.37463
2.51429
4.45569
1.59241
1.36865
5.184
4.08785
6.18517
4.95009
2.95974
3.45529
0.938801
1.5283
9.3189
2.31326
6.51113
4.42366
6.14277
3.07985
4.5056
9.25552
2.51534
6.62896
8.33476
0.328037
7.22823
5.61177
4.41827
4.36681
9.6727
1.92483
5.64895
4.26042
7.02207
7.20383
8.71629
1.34696
6.12675
9.17251
2.38322
3.98959
2.07933
7.57082
1.72912
0.438122
5.08982
7.65698
7.70545
2.85231
4.26269
5.12072
6.37451
9.86114
7.65765
7.66948
0.0479699
2.64178
9.01248
4.17527
7.39798
7.14483
4.22936
4.75097
7.82024
2.20288
6.25513
2.76177
4.15967
5.09865
0.496774
4.5323
9.62423
4.82127
3.94754
9.35223
5.51152
3.30881
4.75904
7.70784
8.66299
4.31105
0.848569
2.75309
0.449794
7.64301
0.287776
6.22727
5.08764
7.32291
3.06094
4.29804
2.10625
7.542
4.08042
2.80341
0.407279
4.37187
3.64277
4.1649
9.8605
8.80332
2.01923
7.30993
3.8739
0.292606
8.81331
1.07477
3.95276
8.01942
1.80268
9.41803
4.81587
3.32792
3.39878
3.11918
0.835655
1.12771
9.25649
8.7173
7.76025
1.99308
2.28807
7.98877
3.16567
3.48072
0.250119
5.25996
7.18549
5.01509
1.9812
9.49235
1.35656
5.01651
9.44541
6.96612
3.04742
8.8092
9.06718
3.4372
4.29243
4.55618
4.96793
4.79314
1.3081
1.41768
7.7509
9.50505
4.84289
1.64397
6.10808
9.35121
6.3047
9.15551
8.2371
6.88058
8.74597
2.68442
8.14812
7.78763
9.80195
7.84203
0.202982
4.45889
8.5731
8.77199
5.90421
3.65066
2.56243
4.01293
7.85047
4.96363
4.17888
5.41834
0.0839336
4.48445
4.04332
4.39448
6.00399
0.570887
2.3158
4.10751
7.45905
3.18596
2.97872
3.73635
4.50721
9.07958
2.4288
2.95562
4.5554
4.43243
2.11433
2.32243
5.66496
3.52909
3.80314
3.6981
1.9211
6.40834
3.59264
1.487
7.15555
6.93917
3.22891
3.56483
4.61128
8.26119
8.50301
9.59361
4.39173
0.896251
4.08701
0.806469
7.8355
6.80363
1.42325
5.91489
6.01961
9.71009
4.60617
2.03912
8.1279
0.495533
0.294277
5.24771
1.98964
5.80286
8.06535
2.69506
5.65461
3.69483
2.72436
3.34882
2.08445
4.28849
5.67834
0.0671803
3.07315
9.1563
4.58079
5.52637
0.239614
9.3631
9.56512
5.98381
0.263343
7.0724
5.79736
1.60843
9.12965
8.72708
7.52098
3.86805
6.08905
7.3239
6.54203
5.95748
0.0203569
1.58977
7.49869
6.54265
7.51973
7.96663
4.58076
9.94116
9.18622
3.51239
3.0285
6.01376
7.08932
2.21349
4.40578
5.47804
6.56529
5.33545
9.75321
2.51802
3.02825
0.300203
8.79873
0.242255
4.35396
9.35728
5.7432
6.70678
5.20197
2.97803
9.56429
2.27369
8.90293
1.58512
6.03672
7.88991
0.124392
5.00876
5.98231
6.08521
4.86076
8.29321
4.14646
5.19966
1.59942
2.63637
8.70492
6.40359
5.63104
7.21682
1.59408
9.38313
4.9047
1.37424
5.33088
7.52434
3.81062
6.93936
7.5369
1.08415
6.36685
6.58197
3.17359
9.79417
8.14654
3.72484
5.9555
0.362254
5.41702
5.22192
4.60849
2.81569
7.4672
6.46636
0.451396
8.6347
8.98009
9.67615
7.45496
6.26662
4.47382
7.57791
5.70194
4.03392
6.8909
1.27316
1.38505
8.7867
7.41388
2.99296
1.2886
5.33909
4.48695
1.67664
7.75325
8.12575
1.83023
5.11755
1.04772
7.89609
9.99226
3.44476
6.41956
3.57901
4.5506
6.65909
7.98726
6.75463
3.93034
5.79876
4.6127
7.72655
4.40492
8.13415
1.10828
5.29559
4.43806
2.62673
5.9567
4.38017
0.680398
0.855034
3.41677
6.35473
4.10127
2.70995
4.19222
2.50639
9.90712
8.46537
9.44884
1.25622
8.64473
7.23362
7.00202
7.00608
3.06445
2.88763
2.34187
8.81713
2.63126
5.14534
3.73783
4.65468
2.4505
1.56645
8.44637
3.33811
3.421
2.02007
6.14809
5.2379
5.84089
7.41507
9.38145
3.19218
7.34227
2.23137
5.10038
4.70091
7.0683
1.30842
0.763148
8.99342
2.50283
7.22141
0.762476
5.03476
9.51952
4.29574
2.41674
6.50469
1.84366
5.37046
7.18176
6.76855
9.05145
3.4037
1.49816
9.53504
4.52288
9.11118
8.21806
3.55739
7.39688
8.79205
9.28615
1.34459
1.24662
8.82799
9.88379
2.01434
7.76767
1.94962
5.43563
8.31168
6.23767
4.93083
6.14888
0.958373
1.08365
5.59492
5.15503
8.91179
9.82139
4.63264
7.15525
0.4144
6.72623
4.11751
4.51167
5.0705
9.84971
3.93116
4.31998
1.0505
6.79921
1.72273
8.36413
7.6507
9.11043
5.95952
6.85185
7.61959
4.94586
4.05764
8.95521
8.63345
6.68868
3.92515
3.91607
0.868123
7.15328
2.89657
2.59378
8.24004
1.64563
0.326173
3.26705
3.93885
2.64835
6.88586
7.6401
8.69794
6.25115
5.1678
6.9729
4.6036
2.66303
8.87379
7.49918
0.477629
9.57472
0.959965
6.21949
7.30484
8.89005
4.62613
4.00957
0.771223
1.3615
0.776221
8.78968
4.45104
9.13311
6.50673
7.76774
7.5264
4.83016
2.5368
9.57761
4.78993
5.10888
5.46647
9.62601
9.73117
4.98895
3.19846
9.35408
5.94893
1.94168
3.31156
4.63943
2.25182
4.58812
3.55647
6.11265
3.40276
0.170841
4.7143
2.84418
8.27212
7.72773
1.67486
1.68314
1.71713
2.82182
9.4717
7.07011
1.67657
0.24617
1.58117
8.83302
7.06151
7.34476
7.14484
2.33103
0.867954
5.4542
7.06134
2.85391
0.778783
4.88798
9.93831
5.49824
5.33523
8.08451
6.75312
2.38443
2.83088
5.09187
3.3541
8.08294
1.14922
3.10138
7.59069
7.26727
7.58826
0.0910147
0.489123
2.39788
7.45214
5.81608
2.07685
6.84965
9.24609
6.88604
6.03405
4.19533
7.39196
1.2207
0.726906
3.6284
3.77986
2.26539
0.773773
1.1768
0.637556
7.65199
4.62885
4.3462
5.16496
1.32998
3.1942
7.99371
3.21786
3.61842
3.28185
6.12096
7.89231
3.58839
6.53825
6.06032
4.59222
3.45767
4.29409
2.30944
2.84994
6.80486
4.23089
5.09136
2.65644
1.61719
6.58036
7.81014
7.43084
6.90132
3.22023
8.53985
3.7828
9.85858
3.8574
2.33458
7.73575
5.09431
0.0835471
7.45608
0.743463
1.62663
3.95234
8.77593
3.12341
5.95957
9.46854
0.453663
3.29499
0.104179
3.91662
2.59707
6.6396
2.80667
9.85651
1.50387
3.85839
7.68354
5.88113
8.6452
0.529348
0.199058
8.01728
0.763532
7.99273
0.374105
3.04608
3.59233
7.16247
6.68236
8.10452
8.8671
5.76557
4.29826
9.03806
2.82089
1.16022
9.98758
9.47678
3.02332
8.8681
1.17388
7.314
2.07914
1.4093
6.17144
1.36807
7.53804
7.91045
2.67578
5.52131
6.23311
2.79806
8.6902
8.89384
1.01312
0.195828
5.20931
0.126877
0.440896
4.05738
5.04505
8.41918
5.9283
6.02087
3.15739
6.10347
3.82654
1.79829
3.1755
5.5713
1.56177
9.31461
8.25138
5.99857
9.24252
9.27714
7.97368
2.26099
2.66797
8.75194
2.71914
4.3103
2.54408
8.93383
4.00876
8.16193
0.87829
8.62733
2.55187
3.6194
9.89218
0.299989
6.97713
6.78232
9.171
4.5621
4.31612
5.26676
9.90506
7.65037
0.0971058
3.67554
4.09863
5.21828
4.85888
2.45672
6.13732
3.42874
4.52012
9.95893
9.98875
4.83009
1.14696
9.985
2.59099
7.27454
2.0299
5.92704
2.04882
6.77046
1.31923
6.62682
8.21741
1.63167
1.90355
7.79824
5.43661
4.96441
3.21109
3.89389
4.89034
9.76406
6.30689
7.26766
9.0239
2.08637
6.75065
3.6879
2.16967
7.14671
2.18088
4.97874
6.10596
8.40071
9.62913
3.25864
2.55893
8.48405
9.98193
0.0439654
4.34407
2.92445
3.1135
6.19437
0.0394561
3.0461
4.98139
9.96921
0.0324405
5.45852
5.90493
8.10008
5.12573
9.62019
1.3211
8.68298
0.54727
2.14366
2.25813
4.84096
4.89476
8.90898
8.07349
2.96472
6.54427
9.50355
1.43674
8.62795
3.78608
6.93912
7.95682
4.2031
0.26178
6.84747
9.28404
6.03793
1.21298
1.67574
1.61074
2.52099
7.80974
9.05621
3.79341
1.56238
4.67682
1.7307
7.30483
6.20377
7.10403
1.30744
7.57237
1.38889
5.74841
3.57672
2.70816
2.54359
2.49107
7.40731
4.20066
0.564008
3.30098
7.45088
2.24063
8.11013
1.87822
9.17155
8.31421
2.92172
5.31014
1.66131
1.16027
8.2897
9.65239
9.77727
8.972
6.9727
5.25988
3.28494
9.86774
5.69537
5.22005
0.0816579
2.60051
8.77697
3.39399
3.15997
1.6331
1.07555
9.45518
6.96456
5.28285
0.358846
9.07967
9.98019
9.36239
5.38764
0.542499
5.79295
0.677537
7.15857
4.68185
9.28012
3.48045
4.83653
7.23318
2.00135
8.2975
8.62501
2.56472
6.39795
8.81953
8.1627
6.03907
4.95493
8.29578
1.60956
8.95713
2.89414
6.55137
0.0933335
7.39028
8.23146
1.63837
5.54882
9.09744
8.18436
1.92795
0.773777
6.7758
2.29821
1.45058
5.64955
3.30731
2.69934
2.68257
3.97381
9.25444
1.93443
5.87514
7.76831
0.252496
0.9683
9.81578
7.37589
4.24159
8.17458
2.46291
2.91166
3.97001
8.33541
0.0695489
6.35451
4.06199
3.95783
8.93798
6.06126
4.20336
9.05607
5.61136
2.65236
3.68774
4.79635
0.654231
8.70474
0.652988
6.56248
3.72776
8.53488
8.30901
7.86797
5.74069
8.66453
3.91742
3.18117
7.22182
2.91093
3.04077
4.5775
1.86253
1.29201
8.35439
3.85855
8.01706
5.16225
1.17195
6.625
9.77501
2.20768
2.10368
6.98017
2.49357
7.08313
9.96234
8.67685
6.35873
3.92298
7.31678
6.39186
2.68816
8.99624
5.43504
4.54512
6.23487
5.13833
7.7661
3.26924
3.11068
6.23055
7.25359
8.25124
4.48619
7.76858
2.69929
3.25435
6.44953
9.9918
4.93531
7.103
0.125002
7.97579
7.72801
6.98204
5.77653
5.01372
8.56678
0.452932
7.20735
9.05295
3.48419
0.385995
8.87266
5.89052
9.06698
5.14842
7.90331
1.01543
2.07745
5.02926
4.98846
6.10091
0.653012
9.01056
1.37948
8.0507
3.51822
6.26823
9.91361
2.87476
9.38109
7.95731
7.63615
3.6723
2.829
4.26215
0.987219
3.28634
8.20983
2.88704
2.45108
8.10733
9.00432
5.30682
0.534006
8.5727
7.44043
2.84429
1.2727
9.3182
6.09768
3.08236
4.10287
3.06027
3.73622
5.33501
3.83876
7.1546
4.19625
2.1165
5.09274
1.0017
6.1416
0.762139
3.78854
3.78017
0.525213
3.36779
1.76242
9.86036
3.30053
0.199526
3.82293
5.84414
7.54339
2.00948
2.98636
5.84092
7.62178
2.93129
2.28042
7.01822
2.65369
6.87658
4.74436
1.91853
7.28814
4.04399
8.50435
8.57017
8.04483
6.50067
8.43362
7.11923
0.537492
1.89648
4.48908
9.9576
9.47504
8.74949
5.88785
2.0678
3.24598
0.738107
8.02534
6.9792
5.87675
4.70061
9.64451
5.44244
0.653129
6.84485
3.85643
1.11068
8.92142
0.293944
2.18599
3.80493
3.32722
3.87641
9.86357
1.66632
3.12195
8.61617
1.50478
1.93639
6.5289
5.2161
4.78741
7.97186
4.87884
9.93698
9.21238
7.01225
8.71703
5.56242
4.3586
9.45008
2.25095
0.76342
7.87902
3.12622
7.16967
8.17157
4.09438
1.34108
0.618158
0.994483
1.25713
4.33455
4.04772
9.0344
5.10441
6.89187
9.69701
8.50691
3.99218
8.4807
2.30298
4.84494
3.51022
0.195449
7.39686
7.85786
2.38039
3.17456
6.7659
0.79895
2.22383
9.11537
1.23312
2.72398
9.77151
3.29091
6.26728
4.5452
1.64632
5.18861
3.41274
2.0229
7.8308
7.50656
9.03726
2.21161
3.55661
4.02523
1.43243
3.76534
0.234121
0.361516
4.42384
1.16138
2.95754
0.738013
7.20495
4.41563
9.03638
5.39404
2.3074
6.2048
4.45698
8.60814
8.68203
0.250207
4.80998
4.43923
2.92521
8.54918
0.388161
4.0832
0.124691
2.85891
5.94797
3.528
2.70227
4.68291
6.29789
4.44582
5.18771
6.46489
4.05891
1.57481
0.853404
8.43698
4.59752
6.13075
6.89584
7.2219
7.3914
3.70552
3.13065
6.02597
9.55081
8.77992
8.57256
1.19231
4.82046
0.315272
8.88339
8.7646
1.82457
4.36717
8.09434
6.09389
7.45404
0.0243991
8.8244
1.07292
7.23314
9.7599
8.76087
3.50861
6.52317
1.52544
4.77369
3.38152
8.31725
1.83392
3.14398
1.54346
7.95129
9.15129
6.19491
1.93725
3.63602
9.03632
4.61027
4.79044
6.8988
2.3208
2.20811
9.92669
8.66745
1.72954
7.58814
8.01129
3.51541
3.50434
0.926318
9.2655
3.13589
3.19162
2.92151
5.67175
4.13041
4.4807
6.34995
2.27101
9.65592
7.22565
9.36773
8.30364
6.99945
8.10894
0.340317
3.10772
1.27228
9.50354
2.00075
6.08261
8.11438
7.64258
6.26423
7.24587
2.24229
4.91907
2.64519
3.87652
0.192027
8.72169
7.85194
7.18177
1.42409
4.10861
5.49644
0.37609
0.931926
3.30195
5.56325
8.76738
2.14153
1.28153
5.98234
4.99846
3.70483
0.569319
8.09256
7.68601
0.583903
9.29791
3.33711
1.98797
4.76609
8.49288
1.55861
1.13115
4.28358
1.537
0.240153
6.16041
6.20998
0.0289736
5.56549
5.14094
8.38358
2.41508
1.78392
9.42383
9.34433
8.33413
2.10492
7.77317
0.524587
8.44903
6.48368
2.30366
8.69069
7.35875
2.42517
5.94248
6.36335
4.20838
2.28841
3.96195
5.28714
5.15638
0.451198
4.78243
9.96387
9.92513
7.15098
5.73669
7.97053
8.23499
6.27021
0.0643314
9.96
9.05292
0.782667
1.155
4.30674
0.628513
2.52763
3.35476
7.11953
8.07972
1.01221
2.73605
5.80144
4.6725
1.50547
8.00187
1.63787
8.18474
3.58316
8.18007
4.1362
4.95746
7.58808
8.69285
6.27996
7.66581
4.94424
3.54559
3.70684
2.52208
0.16611
3.76457
1.77785
2.93289
6.14309
5.85766
3.50539
2.10295
9.65827
0.223943
0.388388
0.200258
1.5109
2.00027
0.0216202
6.64928
3.37566
1.63624
7.78963
4.89336
9.85364
4.23902
6.89218
3.37052
4.12324
7.03188
7.9155
6.64854
5.15812
4.67242
6.72537
7.83891
5.26647
5.60235
8.81289
8.18377
5.86325
4.1183
6.41022
9.13716
1.09657
0.453557
9.5181
7.22606
3.57633
0.711812
7.05696
0.195761
0.161692
7.44786
5.7173
4.31499
0.246549
3.47707
9.84602
3.05126
1.99787
7.38808
8.36336
2.43407
2.96521
3.57023
7.18165
3.89214
7.37615
6.5953
7.77119
2.02808
0.85343
0.0192415
0.838581
6.59855
8.88034
1.14924
1.09322
1.81916
3.95684
4.14525
1.46779
7.0002
5.62697
9.82687
4.63318
1.26897
5.4865
2.64318
6.9398
9.92787
8.27505
2.8489
0.46182
2.89791
5.09553
7.08842
0.27086
8.1979
3.82997
5.52662
0.393372
7.75445
0.447757
6.92516
8.05101
4.94795
8.55987
4.80563
1.60481
0.77195
2.01476
9.31573
2.7454
1.58212
4.43813
0.901131
6.78856
3.50205
4.45402
3.76895
8.87777
4.10863
3.62658
4.70939
5.79509
4.92604
6.69352
9.85201
5.84906
5.80857
7.52068
2.90823
0.245165
7.37941
3.72162
4.40677
6.50401
2.79923
3.8895
0.151293
4.54461
9.33515
7.14544
3.28749
8.04719
2.48113
2.77917
8.56768
9.42847
2.51894
4.70124
7.62344
1.746
3.60014
3.61571
9.8208
2.09867
4.67428
0.244054
0.0977763
7.88763
7.82079
8.36204
0.455111
6.23838
7.24203
6.03259
7.72658
1.56255
4.35866
7.14946
4.06267
8.43462
1.87001
7.29102
9.50804
1.72445
4.67086
6.85031
9.26509
2.02113
2.94002
6.8861
3.78531
9.7571
3.55665
2.3274
7.57268
1.83876
1.59752
2.65933
6.0602
2.69441
0.02984
4.28528
7.80905
8.7526
5.12695
3.38334
3.83097
2.60011
5.93164
4.5347
3.47922
2.43707
9.37923
4.50711
0.0588404
3.01087
7.44041
8.81029
0.559881
1.70698
1.52924
1.28559
5.08937
9.93223
8.28154
7.07279
7.53474
9.36491
1.96045
3.0795
5.77334
8.90967
4.02781
2.02701
2.34149
5.8194
3.89455
7.75255
0.257451
7.56485
9.7276
3.6872
3.13187
8.58567
8.99173
5.92402
3.19851
5.29423
8.00206
8.5795
0.0995956
6.11777
8.51495
4.34095
0.679403
9.2472
0.852888
7.28398
8.8175
3.64283
5.96437
4.15558
1.1821
5.50641
4.11167
6.39357
2.40444
2.90532
4.29663
7.89748
1.26752
9.15411
5.16057
0.252005
8.40554
4.31
6.9838
0.894674
0.717671
7.22159
3.60248
6.13676
9.77374
8.29179
3.35403
8.23047
4.4153
9.72793
6.07971
7.84248
2.81503
3.23933
7.39611
5.80083
0.800745
7.49649
9.40589
2.886
2.69736
4.50859
6.78417
7.95675
9.22654
4.83679
7.50819
2.01323
2.9708
2.22596
5.36841
7.6087
8.50672
5.94542
4.60205
5.75373
9.02368
0.586885
1.49948
2.84593
9.42681
3.14866
9.6313
4.43641
5.04179
8.48771
2.42351
7.9065
4.94954
1.60008
6.36698
8.69793
4.18796
8.65749
6.21628
7.62229
3.33379
9.62462
5.34159
3.00637
3.60554
2.41384
9.80005
8.38037
9.36666
6.14247
8.73873
1.00723
2.19596
7.61482
5.33061
9.91403
4.44417
0.97612
2.84387
5.2422
4.41966
1.88167
2.74025
1.63858
9.82679
0.589734
6.66747
4.95642
5.77317
0.00377213
2.51966
0.0275688
6.19517
9.28485
1.69326
5.85995
8.88902
7.78363
0.678442
0.923382
2.83911
3.6038
8.54494
6.4561
1.00342
0.322264
5.61201
9.87681
1.60656
4.33575
5.61949
6.22168
1.4278
7.58465
6.49742
9.51248
5.15807
7.22676
5.6373
0.37109
4.09665
1.17917
9.15483
4.87518
4.8582
5.89231
2.40469
3.42655
7.94808
4.61969
9.16714
0.409948
1.86977
0.703619
8.00682
7.50397
4.6057
8.58325
2.30383
3.35898
2.48681
0.308912
8.80357
1.42626
4.00592
8.39572
5.84195
4.69391
7.91375
9.41024
2.07661
9.22717
2.87641
8.02764
1.83593
1.25309
6.39765
0.666858
2.33959
0.23911
6.74445
9.91606
4.20698
8.04019
0.287663
8.11682
2.30617
9.82481
7.65346
2.52539
1.93503
4.89115
8.09063
0.164434
3.98385
8.1217
0.829058
9.03728
0.529656
6.71318
8.79998
9.6944
7.84734
5.49768
4.65079
5.16404
8.61227
5.51777
1.59526
8.03324
9.13681
3.5875
6.82622
6.60573
2.03401
4.52446
2.2747
9.30352
8.92618
7.88831
8.99405
0.703713
6.65762
4.68737
2.10446
3.67111
6.29749
4.49241
6.33192
9.12423
1.59538
0.461924
1.91662
3.40314
6.47163
3.90122
0.538378
4.17144
1.55518
7.47662
3.82388
2.91965
0.532264
5.6626
3.23429
8.77372
4.08625
9.65161
1.84753
1.23433
7.33719
8.14859
4.29319
0.825561
0.640268
7.97858
6.83078
0.919303
0.770112
4.15186
6.59378
4.05012
3.44595
1.7385
5.63456
5.79912
0.403442
4.31942
8.15737
8.25443
8.2605
0.613865
0.252106
7.99737
5.47289
1.87148
8.3947
3.94803
2.20381
4.46343
6.80817
8.58045
1.42577
3.34999
1.39825
8.86045
9.88105
3.35562
3.4728
3.0424
3.7746
3.72757
3.91911
0.0349358
4.95749
9.38165
4.54987
5.13957
1.78217
4.73811
5.96794
3.78494
2.7349
0.0896494
3.36919
4.10521
3.6904
4.00279
7.97272
6.96209
1.77635
3.27812
1.79922
9.80873
6.14029
2.04136
3.43523
1.41815
0.77482
3.0841
4.80124
3.95675
4.48969
4.95245
4.30882
8.606
4.58807
6.81518
0.034306
9.87919
2.97386
1.61342
8.86512
0.601879
2.35319
8.39608
3.50129
7.34819
0.483286
2.38396
5.25502
8.04066
3.87926
6.1694
5.55496
0.423469
9.29298
6.97629
9.9236
8.19776
2.66513
9.54267
2.59853
6.5652
3.90927
1.35571
9.98818
1.12441
4.64078
7.24485
3.444
5.07221
3.51099
5.22762
7.4046
9.37101
4.78402
2.79303
5.78032
0.433274
2.2017
9.33172
5.97492
7.65302
6.83284
9.01023
6.39454
7.68186
5.62286
9.72256
0.902328
9.67458
5.48371
1.9852
8.13087
7.09852
8.58699
9.47381
6.1794
0.652928
2.36992
2.75239
9.13879
1.05706
2.08056
3.80279
1.79454
3.52801
2.80308
8.42305
5.44744
5.03117
4.81712
6.12313
3.03532
5.35852
1.82628
3.43571
3.9192
1.16222
0.170482
3.31702
3.73178
9.65934
9.09541
3.31858
9.98268
7.35009
4.80318
7.9448
6.3557
1.71363
8.04184
8.36989
2.73501
8.40951
3.00034
9.57325
5.76563
9.37957
4.33173
7.5595
9.5786
4.02139
1.62606
1.04447
8.98141
3.70182
0.495407
0.271827
1.38875
2.2535
9.8487
0.873584
5.05754
0.173624
4.58529
1.57052
6.50077
1.35915
5.88104
7.28699
2.48979
9.7024
3.37898
3.72235
8.02144
5.9827
7.7742
8.61406
0.976415
8.84343
4.10174
5.09459
6.57365
1.43279
5.54218
5.66707
0.274183
6.01483
8.08496
7.00741
2.71386
0.459761
9.65798
1.531
9.85633
4.50978
4.68615
7.74051
2.82461
5.06416
3.40809
0.443202
4.04632
5.44459
4.30368
3.8169
4.95599
1.02545
7.18707
0.279662
0.602805
7.86316
6.04375
7.92325
3.34458
5.84272
5.03255
7.72459
9.77033
7.32791
3.11319
0.480164
5.7688
9.85268
3.61901
3.46183
0.834058
2.79791
3.08299
1.22858
3.93185
5.88721
4.76655
9.50406
2.30807
2.18198
4.77507
1.72877
4.21419
2.74277
6.89272
8.87208
8.17071
5.1188
3.41995
3.2133
2.74739
4.74115
6.69529
7.9588
0.0186116
8.70721
9.40083
0.755037
6.55791
5.28569
8.73232
7.71531
6.87379
7.57307
0.43123
9.30183
6.91003
8.35026
7.05101
3.93859
2.9356
9.37163
3.83374
1.57808
7.29014
4.54496
2.90413
1.23849
9.21271
0.725577
6.20375
0.273585
1.3078
2.9057
8.7385
0.708602
0.282256
3.58572
8.82816
9.87891
5.33593
8.86232
4.11144
7.58011
4.67396
3.98665
3.32924
9.8317
5.91532
2.4609
1.75552
6.03686
5.77866
4.58001
5.21305
8.08135
6.63817
5.14885
9.22788
1.98619
7.76019
3.73818
8.07262
9.61907
1.33851
5.51967
1.12732
5.89777
9.84752
2.92493
2.7784
1.11642
6.88197
5.91893
4.69947
9.02967
8.08559
3.7851
9.71375
1.76043
7.15002
2.99193
7.85539
0.0961211
6.7325
7.16051
5.2262
4.79857
4.87943
7.4259
2.69597
0.0189405
1.86703
3.10545
2.19294
4.65003
0.793125
1.75787
8.92437
2.97667
7.70548
6.56342
8.15777
3.08715
9.64432
6.01908
0.121416
6.58417
4.91207
0.444467
5.54407
3.35808
9.25392
2.15726
3.80794
0.479215
5.06879
5.39115
9.26242
9.07194
1.60898
0.555284
6.2129
3.72488
4.95147
0.217029
3.05694
3.93132
5.50936
8.11201
8.73591
0.919575
2.63745
8.47585
6.97783
5.94304
8.61239
6.50772
9.94989
5.24769
5.92114
9.12029
1.19262
9.27104
5.41172
7.62225
0.185457
6.95788
2.58269
9.4916
0.253892
2.59915
4.33248
5.75729
7.46507
4.43216
2.8169
2.5189
1.45891
9.88304
2.78886
3.26788
6.25175
8.86607
0.598544
6.48992
2.95805
3.08643
9.87299
5.54013
4.27042
9.83653
8.66282
8.05979
0.50676
6.27988
7.18352
7.55367
4.0322
4.73975
8.48349
0.597747
3.06281
3.04096
2.10262
2.90034
9.09563
4.93722
7.79913
1.27839
6.53099
4.64733
9.68632
4.83252
8.60826
8.15241
6.67156
0.707844
4.09518
6.61856
2.23092
2.4792
4.26459
2.05633
9.48892
1.40175
6.63081
3.69274
6.36668
9.11992
5.38646
0.838617
1.97883
8.10927
8.62327
4.22641
4.24613
3.10161
3.07035
7.25281
1.40232
5.87321
2.02367
5.63938
7.10797
5.77506
8.19635
1.81129
8.10866
3.50274
5.49778
5.04614
3.68317
4.31956
0.373584
2.78935
9.25743
4.40738
8.67237
8.99448
6.40282
4.95364
9.33563
6.83313
8.9521
5.93369
4.04687
5.38849
5.03835
3.81654
2.78507
0.741652
5.94291
5.04385
7.93468
2.69882
2.60536
2.08996
6.84275
7.44256
9.1402
3.00205
1.62552
6.90489
8.42668
3.83222
6.60056
6.8954
7.879
1.24762
1.34623
7.72611
4.86377
4.53888
0.174179
3.22667
6.44235
2.19189
5.86583
6.59185
1.12864
8.25685
1.0045
7.52287
8.73544
5.13776
3.86803
7.41522
1.27707
5.27259
3.03911
4.26059
4.3219
1.97457
3.61798
4.60109
3.38309
5.99454
2.93153
8.43459
3.87096
5.52312
6.78108
6.34678
0.370655
2.73596
9.69567
4.97214
5.7321
4.28992
4.6184
3.25332
0.412845
3.42257
5.62578
4.60346
3.32022
8.28353
6.10502
2.40307
0.626688
0.304523
7.57585
7.80906
2.31508
2.51234
5.83889
1.29339
3.66676
8.93582
1.27763
4.34843
1.8878
1.42217
0.181484
7.40809
6.3706
0.459246
7.68821
2.67059
5.34614
8.52658
8.17283
5.9122
5.37113
0.526408
6.81927
5.76058
2.99287
5.76638
5.58048
6.93093
0.951746
6.7665
7.13382
1.1821
2.90471
5.05249
1.10675
1.67089
2.87572
3.98649
3.81794
1.12206
8.23848
7.34685
2.50561
7.62288
2.86737
3.83109
6.34925
5.7548
5.2378
6.2023
3.25519
8.74386
7.65598
0.40269
1.06181
2.18576
3.72857
1.27581
3.08568
8.48609
5.83383
0.518348
2.0972
8.65569
1.50977
1.9548
4.31119
8.61418
9.52484
1.68714
6.04106
5.27348
2.55475
7.27747
8.0815
9.21244
0.670385
8.16141
3.24051
6.59146
3.49611
5.95534
4.52669
2.72625
0.757229
6.33163
1.34403
7.76554
3.91555
2.29795
6.00629
1.12249
8.05778
2.51556
7.86271
9.56521
9.19465
6.90827
9.06327
7.55584
3.97556
2.58883
3.74327
7.56975
6.97683
9.74456
0.702163
7.57657
0.417118
7.56001
2.72997
9.93476
5.57063
4.70616
5.07495
4.16213
9.89388
1.15956
6.68951
3.63271
9.63764
3.2488
3.39247
7.86449
9.0571
5.13935
9.01264
7.79029
7.78437
1.54845
1.93919
9.75721
8.02942
2.0229
4.80465
9.67136
3.46426
8.77899
3.64766
4.43955
8.76898
9.62386
1.55447
9.67829
3.54654
1.92149
1.93233
4.16687
3.51423
2.46305
3.07582
8.49266
5.41001
0.718948
4.6153
0.13736
4.44016
1.06478
4.82104
5.70959
3.16563
4.93937
9.17731
0.612177
2.08501
5.20812
0.480496
6.59517
1.11541
2.39911
3.53566
0.339315
3.83487
5.09846
3.1311
1.24678
5.6436
7.77909
1.85119
8.80692
8.03232
6.43472
0.617131
9.22035
6.53015
3.74229
1.45306
0.357731
2.03118
3.09659
7.72338
0.106588
4.81723
3.85526
6.39523
9.57302
6.63941
1.07019
5.08973
3.58478
2.98249
8.39108
3.1512
1.06111
8.97719
4.19086
7.75979
7.10108
9.9713
4.21073
6.74324
9.50204
8.9042
2.68597
0.689299
2.77935
5.17144
3.21268
2.61724
7.41885
4.71689
0.475604
5.94849
1.33164
7.59853
9.11371
4.34655
2.05961
5.33483
2.3923
9.72341
5.7691
5.67452
3.25349
7.88116
4.12306
0.785163
7.57883
0.150759
6.73424
3.34886
2.15914
6.73228
8.82822
7.89681
1.61511
9.37773
5.2895
5.45261
0.291766
4.81832
7.39162
6.74905
6.28816
7.00311
2.18595
7.17874
1.56983
1.83106
9.45264
4.51447
8.14326
7.86846
3.22735
3.32033
5.32889
6.06998
4.9003
4.44431
5.20036
5.2946
5.23729
8.31214
0.771362
3.17108
2.37078
1.82116
5.42417
1.72774
5.51934
2.11419
9.10918
7.9555
9.22246
5.68694
7.02889
1.19422
5.86695
6.57785
1.4298
3.86827
4.61402
4.84577
0.670907
4.27007
7.71701
3.85568
4.36518
8.86503
3.21015
3.96168
8.18264
9.62852
6.43066
3.99783
1.62336
4.09206
5.07396
6.78315
6.47889
4.15782
7.8202
8.18396
8.31686
9.71203
2.77144
4.09088
0.786462
1.83456
6.9545
8.41261
0.345327
1.75565
7.56967
2.50308
8.73999
3.9731
6.12131
3.31236
9.43296
0.312122
0.715701
7.00917
9.20812
6.62394
6.45132
1.13673
5.41251
9.18037
0.690901
3.54966
2.07324
6.17005
9.64695
5.6393
1.12707
7.16171
5.56481
0.00697101
5.60256
1.6369
1.30523
1.28131
6.74869
4.61167
3.96721
7.04291
0.544125
5.00334
1.80926
6.09689
3.09058
6.40653
2.05886
6.08777
7.40183
3.95351
0.485106
6.65184
8.26627
8.67022
6.03404
5.89393
6.63319
0.682839
3.01025
9.40592
2.7301
4.20243
6.3923
0.430764
4.3253
3.3597
4.02768
2.38675
7.51108
2.89992
9.81654
7.33094
5.51805
9.95168
2.28005
8.84007
5.37823
5.83884
4.73755
3.81208
9.56046
1.01808
8.65761
7.62632
3.85918
8.26166
5.2815
5.08684
3.30941
3.48738
4.52122
8.36385
6.61329
6.42753
4.68214
0.377379
8.9036
5.21417
7.36455
1.75419
2.89304
0.974548
1.52341
4.38445
2.2226
5.3632
0.365234
6.76193
7.92961
5.39049
0.390671
1.53076
4.12652
9.73041
2.08461
6.97846
7.23056
2.74077
0.576992
4.15799
3.69504
0.642944
4.03579
2.91398
7.84594
1.7074
7.07287
6.5152
4.64262
7.82002
3.2432
1.78113
0.604398
1.24514
2.12685
3.70727
9.17691
9.79364
0.835684
2.26155
0.652965
7.15406
4.58623
1.16317
4.53884
1.91571
3.59386
0.669911
5.92811
4.37169
6.94323
6.19468
1.44029
6.20649
9.95536
7.64464
6.9147
0.158763
5.76879
7.49449
8.66977
0.410691
2.94009
6.2777
3.22123
3.91116
0.117238
2.31647
1.61003
2.1032
7.88921
8.88686
2.20309
7.04586
8.31593
3.51031
6.77851
4.42525
0.824958
4.19243
3.07627
6.19233
2.52269
3.49248
4.91227
2.52416
7.30041
0.797203
5.68683
0.303131
3.51882
1.51449
8.84034
9.1397
4.45509
7.45229
4.29145
8.66691
1.70527
3.26198
5.20878
1.61974
0.699346
1.67382
3.8945
6.16731
1.72392
5.52629
8.66364
2.17512
4.595
7.6919
0.39017
2.33756
4.56847
1.73949
7.25918
1.33624
6.74826
0.923617
7.1744
7.76736
5.65174
9.75299
3.57104
0.323571
7.36832
8.36636
7.16672
6.71763
4.86767
1.55435
4.08042
3.0327
0.110088
7.53001
4.24076
9.05534
0.568331
7.27639
7.0591
1.17475
2.10472
3.41351
4.45513
9.59611
0.947918
5.39735
0.264649
6.20692
2.54124
2.73184
8.08948
1.55761
1.45753
5.60751
5.33164
8.64891
8.60446
6.25454
6.30872
4.086
0.891259
0.623763
4.24469
3.46982
5.0698
5.06157
9.54318
5.64991
7.45936
7.9465
6.6138
7.95613
0.799192
9.79586
3.63065
7.72536
8.65581
5.38398
3.68408
1.17829
9.72128
8.38534
4.32542
2.70837
0.936257
3.25335
4.1387
0.721019
3.40873
7.11119
3.70712
9.76959
2.23848
2.55077
7.98957
1.63686
8.42039
8.35131
7.80853
9.03838
5.6708
9.75957
6.47208
0.928166
9.9529
6.49267
0.819323
1.54392
7.85042
3.75048
4.52277
7.9691
8.42115
9.86148
3.47082
1.74466
2.82583
0.997873
3.07016
6.84985
0.738871
6.19143
1.08573
0.345319
7.04494
2.78412
5.35643
1.91269
3.38505
2.20985
1.85768
4.39867
5.46489
6.37996
7.24546
9.14397
3.59144
1.86418
4.49167
4.35556
7.32078
9.4057
7.84962
4.11437
0.721851
0.398819
8.2504
6.7066
0.934901
4.29485
8.55405
4.8975
1.12168
3.21684
9.69413
4.98088
5.1165
6.94792
6.81052
7.00585
6.79957
4.80264
7.96807
7.5246
3.88819
1.19007
9.53032
0.209847
3.69044
7.62354
4.33136
1.02645
6.23281
6.85949
7.1809
5.25687
9.55343
7.14
2.95924
4.13726
9.49327
8.75403
3.11567
6.97896
3.04175
7.07993
5.59748
1.47615
7.68689
1.84457
6.86341
1.6875
1.86762
5.39247
0.884802
4.70653
8.72111
6.77069
2.33845
7.94067
4.57083
3.19365
1.28978
8.8004
4.65766
1.31811
2.89754
0.183624
1.69877
2.94843
1.87742
9.23547
6.92751
8.62243
3.33863
2.09198
6.88169
3.3135
1.93215
7.52353
2.78176
5.5984
5.99406
9.49504
6.87482
4.35723
4.84561
2.27892
1.8163
0.55312
6.50861
4.89579
4.68928
7.7202
7.02738
4.75726
5.01456
7.67989
0.736898
1.63851
8.62955
5.55765
0.542829
2.4866
5.90966
4.77742
3.38716
7.55764
9.92195
9.93103
5.9475
5.28608
2.38416
0.600266
1.4701
4.5912
7.88312
9.81692
4.33474
3.93978
6.74322
9.9758
5.14232
0.319501
3.70988
3.80346
8.76558
9.04237
1.11812
2.45169
6.81436
5.30704
6.81894
3.10392
1.17025
5.3215
4.91197
4.9989
0.911775
2.99596
3.94595
9.40737
0.931874
2.23425
1.90658
2.83632
3.81473
0.798663
3.8131
6.7622
0.829974
4.94256
2.52044
0.147355
9.94606
2.36174
4.42964
6.6108
7.29323
5.90823
6.37769
1.741
6.96765
5.32362
6.30471
1.05266
8.90326
1.53822
4.16012
3.67571
0.653514
9.40996
0.365823
3.34792
6.38883
0.0633263
4.26924
4.79166
3.26345
5.09126
2.19377
5.71047
3.5914
1.91334
4.86701
4.90902
4.68645
4.68426
9.44843
1.49551
3.26663
6.5451
3.13859
3.54377
1.33008
1.26883
4.97411
2.75442
3.62438
6.5102
1.85793
5.93153
7.48339
9.89631
9.74665
5.6396
4.61861
5.56421
8.28444
9.43863
3.29145
4.53564
1.02182
7.8812
4.23457
0.234031
4.64117
4.14445
6.43312
9.09477
6.87357
6.70898
9.10545
1.76304
9.21626
0.261231
1.1426
8.28627
6.16428
4.35009
2.24483
5.17295
2.39327
9.17898
8.53535
9.0996
3.98669
2.90832
7.49469
8.11765
7.25818
9.46949
0.692261
9.29034
4.10985
3.04752
2.28524
4.44586
9.36423
7.47344
9.12414
4.99152
6.84697
5.36646
5.45676
8.10322
8.87178
6.98601
6.78863
8.71453
3.12576
6.02618
0.945899
8.50608
5.65484
0.52659
7.71022
2.81708
9.23547
2.53718
1.93666
0.962067
9.70975
5.20057
7.95777
3.4213
0.579076
9.12362
4.90039
1.9674
1.78659
4.08752
1.07799
3.79008
3.46449
6.36313
9.90703
8.57178
1.37231
8.96449
5.78802
0.197435
0.0775895
4.10651
1.65039
7.27812
4.69972
7.15977
8.92973
6.98229
3.27748
3.78587
8.53001
4.96941
4.13863
6.75354
2.35167
9.41655
5.12712
6.80124
8.46117
3.36287
0.570521
4.47305
8.33886
2.21451
2.11852
3.95401
9.87496
9.89348
9.14144
3.61977
0.599326
2.66994
7.62601
5.84475
1.98082
1.77629
2.13681
0.961657
7.75236
3.04652
2.38089
2.09738
3.0218
2.67194
8.93488
0.332183
0.301513
6.36862
4.59365
3.45494
0.18397
8.28738
3.8049
6.07334
8.10031
8.69756
8.44937
6.87934
6.38293
5.98324
4.28436
1.89716
2.72846
0.0769893
5.90286
3.53924
1.3899
1.34437
6.06899
2.72869
5.81266
7.91158
2.87573
4.8755
0.294414
8.97567
0.984929
4.29302
3.12404
8.06346
6.8113
0.636775
1.10631
4.04161
2.31733
1.62518
8.16982
2.45436
8.93064
6.55678
7.07771
5.08995
2.02986
3.26903
4.66699
6.91156
8.97155
0.96752
3.23484
9.0133
9.20095
2.7907
6.87709
8.68843
9.33454
8.73039
7.53611
3.36124
6.99368
3.20835
9.65326
8.44612
2.76151
2.39701
8.33303
1.61529
8.87716
8.56447
2.63618
9.21123
6.30023
1.46839
8.62338
7.48776
0.476902
8.05696
5.98037
4.26595
0.0102756
3.91465
7.79067
7.20536
1.34997
2.5014
5.01673
4.21017
8.09102
7.05529
9.47739
4.18083
4.31812
3.58155
0.744965
6.28147
1.13146
2.30374
9.80182
7.62209
7.95552
0.178593
2.29338
3.01047
0.696254
7.28737
2.94784
7.3054
1.58084
4.2886
5.66014
7.47936
2.09806
4.93728
5.05495
7.82821
4.05565
6.34197
2.28219
9.10669
5.73177
7.68993
8.90933
8.63518
0.944135
3.30448
3.49137
5.0947
0.272763
7.07847
0.824355
4.12426
3.21001
1.62004
4.11656
1.73819
5.95238
6.50879
6.08527
4.56296
9.26388
7.38704
3.83757
3.49451
3.70003
1.97053
2.03121
1.8291
1.77946
2.36346
8.72083
3.60643
5.9925
4.32255
6.21806
1.20714
0.47235
8.08965
1.7089
3.26331
4.24236
8.76241
2.57526
3.25041
7.82959
6.78883
7.71999
3.1549
5.55171
7.02689
3.38246
5.02477
3.4197
5.33334
0.0506497
2.31088
1.49083
3.39053
3.31916
5.12882
1.0689
4.10093
0.326151
2.48995
2.84466
4.04109
3.40799
9.06004
7.34108
4.98765
9.89682
9.8018
6.73947
4.34395
9.86532
2.2938
1.98039
6.12618
1.11312
1.3995
3.37914
7.3618
4.28065
5.82859
0.170172
7.63974
5.7429
8.73995
1.67367
0.323386
5.929
9.22241
1.93833
8.0229
7.07396
4.68358
6.68193
4.41685
3.68995
1.93477
1.6656
9.80898
0.804481
2.36348
7.98942
8.26234
2.80453
2.90062
6.69155
3.28065
3.56329
4.91441
8.48568
8.32398
3.91734
2.88983
1.03274
2.41862
5.00457
5.88403
4.38366
0.727124
3.88467
3.64659
4.96836
0.221522
7.59057
4.45291
0.0175033
9.49383
5.98708
8.21472
0.841122
2.09924
2.02449
0.324195
8.29206
4.32224
5.61209
5.08681
2.14458
9.55144
2.82827
4.00747
6.95951
7.91376
2.33925
8.89334
8.15044
5.66934
9.63505
0.676869
2.64966
5.88236
4.5103
3.58258
9.65656
1.86445
2.55074
5.41478
5.37455
6.41783
9.28952
1.56378
8.63913
6.04058
7.19012
1.90317
2.5777
5.01904
2.79741
1.4657
8.3092
8.11825
6.17919
8.77541
2.76142
2.13047
3.47701
1.93993
6.15542
2.76956
8.43535
4.28595
3.04742
5.35048
6.07399
0.958552
1.11734
5.63128
9.10207
0.293535
6.82844
0.830991
6.73722
8.23892
6.78115
2.16657
3.94177
4.96377
5.96117
3.02867
2.78979
4.6939
2.04673
9.4376
4.61053
4.24243
0.889984
1.9434
3.22115
1.739
0.90993
5.85505
5.96518
6.49833
8.45465
5.05392
2.68993
2.41329
8.91939
1.38687
8.22466
5.07496
4.62084
0.543566
6.6969
2.8386
1.02037
7.73798
4.55407
5.64012
7.41837
4.42237
8.78064
6.48666
4.77115
3.6948
0.747202
7.25514
1.88402
2.97241
5.96016
5.71379
1.7854
4.48338
5.08367
5.30319
1.04683
5.71118
4.81706
4.18997
2.40619
9.8691
8.25251
0.746404
3.03583
6.54101
5.9623
4.30992
4.35435
6.8391
0.904173
3.39972
1.38943
5.5475
9.99812
4.17938
8.12346
2.51381
5.38231
2.28091
9.44385
3.20174
2.06607
4.96444
1.67873
4.4474
2.05995
2.46305
2.85028
9.08757
0.366864
5.97519
7.24052
6.79092
4.38458
5.93335
5.36692
1.22772
3.61696
1.68246
2.35984
1.78475
4.33899
3.86614
5.26863
8.0177
3.89293
1.62769
3.54151
6.74614
2.70274
0.197554
5.62096
5.03517
0.796206
1.29847
7.37679
8.38591
8.39672
5.51315
8.95842
5.19676
6.82472
4.28178
8.44345
3.9161
0.285935
5.12697
2.56486
4.83792
6.0782
1.60464
5.57825
1.14207
0.345421
4.75081
7.0896
4.02477
9.8811
1.89613
5.64489
4.09982
5.19006
8.17984
5.73223
1.37459
1.57664
8.95868
9.46241
8.84407
5.17576
2.02738
1.22358
9.9488
9.35309
4.23045
5.0069
3.99145
8.66531
5.38361
2.49937
5.31353
9.41304
7.69853
2.03333
9.18349
3.99669
2.28739
5.75075
3.38105
3.8066
7.32648
0.0778333
6.04244
1.70549
7.68506
9.9058
1.38559
8.71635
7.9645
2.77854
9.29887
8.1611
3.90336
0.93752
9.02032
7.66449
1.49283
0.769414
5.59326
5.91901
1.3774
9.26761
5.8241
7.67085
9.51373
8.44947
2.62159
7.37958
4.87196
5.24563
0.722239
9.75653
8.65739
5.93636
6.35127
9.56509
9.70307
1.9181
0.777284
0.620262
9.73937
2.23101
6.43692
5.26744
5.81228
0.661564
1.61606
3.63283
1.26891
2.54767
2.28181
2.85532
8.9511
5.2361
1.47469
0.61593
8.53638
8.07139
5.52347
4.5389
2.35133
5.62135
6.784
1.31834
2.98779
8.32651
7.3618
1.72777
6.87924
4.75854
5.28041
9.24631
3.23513
1.33283
8.89974
7.47462
6.37882
0.498964
3.40999
0.845328
9.16972
8.13146
4.53876
2.11427
1.10102
0.254118
2.64952
2.12862
7.76
2.612
4.5592
0.869023
7.50556
6.97334
8.25632
5.2389
4.41102
0.809594
0.962952
5.52439
6.70212
6.40523
9.30982
0.300806
8.13372
9.83129
3.27027
7.28361
9.23428
1.00849
1.3726
2.62872
8.76721
7.69673
9.23348
3.60201
9.91572
3.88343
9.7516
4.21189
9.29967
1.6142
5.80341
3.28134
0.0115042
4.60153
6.01728
7.97473
6.18405
5.89542
5.97941
4.64053
9.25435
8.8586
7.19583
8.93022
1.06468
6.61418
2.03923
4.16926
2.7446
5.56494
5.70584
4.52415
7.11719
0.271072
9.90071
0.857303
5.4113
3.73893
0.117201
6.9524
9.78467
6.66448
7.94096
5.14102
0.520619
7.92371
6.69369
8.75867
3.64766
2.06128
3.38786
7.9696
2.15679
7.11804
0.82034
8.65694
8.70039
1.15459
9.75737
2.6194
3.64126
8.96739
5.8113
5.83994
8.25684
8.02562
3.73455
9.74869
9.49395
2.31062
7.85117
6.8461
5.16355
4.34736
5.91071
8.63999
0.034116
9.94957
1.87858
1.23887
6.58733
0.657616
9.4723
8.24273
1.32814
7.00804
3.71569
5.64854
5.31825
8.67757
9.59149
8.50248
2.74956
6.16829
9.01448
3.81594
9.40014
9.98134
5.09821
6.55515
4.92205
1.15377
3.19689
7.9478
4.53085
6.09626
9.82568
8.3922
2.9544
3.11727
1.49153
4.02909
1.37579
6.02005
8.07256
7.47339
2.79314
1.28126
2.0787
6.52497
7.67107
8.59584
1.89411
3.7565
3.29401
6.66345
5.36231
4.20752
2.13394
2.14985
0.251273
5.58362
9.27033
2.25563
8.32289
7.60911
2.5254
7.67544
0.759181
1.18332
3.73185
0.694402
4.67952
8.16495
8.25319
9.73453
3.00948
0.172581
2.94571
6.1964
2.13656
1.60255
9.08536
1.13732
3.05916
4.98551
8.788
5.3419
2.60673
9.18224
6.66054
8.03521
6.21953
5.08686
9.15413
6.85928
6.70193
7.55615
5.20194
7.98948
0.747748
1.57692
3.34583
6.24002
6.71543
8.43682
8.67452
8.76666
9.85873
1.05936
2.88714
5.44607
1.20639
1.82749
9.79395
4.78801
5.59266
7.3632
1.3517
1.51026
9.80778
1.93961
8.04657
4.32964
2.54697
1.67389
8.70251
9.98349
3.7145
7.19748
9.2974
3.24492
5.22512
2.12147
0.100974
9.45145
5.84347
0.728997
5.81663
2.19282
4.37327
8.05901
3.59693
8.57416
5.4805
3.32755
8.39995
7.94791
5.40514
6.05442
3.10321
1.12407
2.81616
3.62399
1.27788
2.7715
9.21426
5.21779
5.87013
9.12685
3.65882
2.65884
9.51781
3.79222
7.64202
3.18364
0.0488313
1.12022
3.47412
7.67578
9.26637
4.11949
0.239294
2.4405
2.90355
6.16573
1.61736
1.99294
2.37573
4.44575
7.85692
8.55148
2.7477
7.08738
0.870413
8.25094
8.40468
9.53222
8.66193
7.56356
5.06905
4.47681
0.443205
5.42591
5.5301
6.69387
5.34724
4.48134
8.20605
2.74174
9.3292
9.01307
3.42182
2.46223
2.5762
0.796075
9.48954
0.200135
2.57049
4.38444
1.00989
7.89966
7.52181
8.37479
7.60264
3.73111
6.6347
9.6548
1.18282
2.75518
1.58083
9.95673
5.35938
9.19903
1.57391
4.28306
7.34322
1.3488
4.48032
3.901
8.27075
9.69748
5.31609
1.71639
7.5583
0.147661
6.99747
6.45417
4.21874
4.25939
9.67993
3.47337
8.7332
2.45347
3.19904
9.39882
0.292659
1.39187
6.3555
5.57246
2.5563
4.42186
5.96321
1.07176
2.34622
2.59652
7.03769
7.87409
3.31392
3.65751
3.39185
5.10805
6.4151
3.60818
1.88868
5.62339
3.90418
5.29754
1.24835
1.23598
1.32168
6.90464
4.10136
1.351
0.549592
3.48921
1.83463
7.14225
6.06274
3.8452
2.81169
7.31393
0.490919
9.22296
8.59351
9.18152
7.14942
7.63827
2.06103
1.31009
1.00001
1.39256
1.75377
2.20328
2.46522
0.314028
7.6965
5.03583
4.65033
2.76182
2.6336
6.80996
5.08868
1.49834
1.6474
6.61052
8.26911
6.21978
1.94291
1.19887
5.64025
1.44028
0.627303
2.54946
1.95666
9.53567
7.07044
2.76807
3.39797
9.68978
2.32754
4.30391
7.42206
7.67376
7.01635
5.4538
7.58488
3.5645
3.27828
0.69135
9.87951
8.74185
1.88974
4.22776
2.19666
1.0405
3.37127
2.09904
5.47648
3.28338
5.2561
5.80695
4.30868
2.16314
3.93022
0.978778
4.89609
0.939532
2.30264
6.91336
7.87133
0.106743
3.89438
3.77812
9.94329
0.0391117
6.99855
1.99715
7.0273
2.00349
4.49029
2.4758
2.64085
6.37887
5.35477
5.5246
9.17394
2.83356
5.4316
7.90869
1.57076
5.96088
0.281871
6.97784
6.43696
5.59777
7.12778
6.5828
2.08288
7.29298
2.59011
1.12064
6.31142
4.71365
3.77098
2.04246
8.98376
5.5036
0.0545944
4.89954
0.975536
8.28175
9.6966
4.93288
2.20539
8.85715
4.09001
5.91951
7.636
0.954691
4.31797
8.75857
7.23797
3.61617
3.31073
6.20802
0.702607
9.62009
9.87797
1.89794
9.48569
4.32641
2.35563
2.92071
1.6131
8.74486
9.73791
8.83099
8.3519
7.13723
9.63465
6.57278
9.31554
9.81614
5.19015
8.61369
8.63038
8.25854
6.5634
7.6593
2.1953
8.34045
2.31355
2.39233
8.29888
3.28142
1.37009
1.12237
3.57108
2.64058
1.29843
6.11002
8.54488
7.13403
0.286132
4.93236
9.1719
9.96267
4.72088
8.79982
4.68532
5.56221
3.71729
0.412555
4.77993
7.22552
2.98321
4.09555
9.97875
2.75343
8.36821
8.45393
4.44385
0.48574
7.49403
9.0327
5.85741
8.64091
6.38235
7.92095
6.64578
7.84111
4.64606
8.94451
5.70279
0.0552296
1.76865
6.53755
1.71088
1.59119
1.14441
6.59867
5.22883
9.86656
9.43809
7.67941
0.923623
4.23346
6.28537
9.30957
8.66919
8.09252
0.264
7.52459
0.204387
6.93793
5.44502
2.36898
6.02684
1.10378
9.78431
5.25145
0.663845
8.49482
0.302784
2.35863
3.8482
7.34959
6.63316
2.81906
2.87991
5.19068
7.02985
0.0992346
2.2735
0.581414
5.8998
1.67593
4.12284
9.64128
5.36614
9.71383
8.91603
1.52643
9.14659
6.12182
8.94074
4.00813
0.540519
6.59541
8.30059
3.98276
3.12514
0.468995
2.68525
3.531
0.828441
9.05428
0.150383
8.7941
3.15915
5.91044
8.11242
6.96058
3.25788
2.40968
7.73307
0.20216
6.91538
7.27945
4.08554
5.70745
1.05258
1.00399
0.627761
9.66932
4.57244
7.239
5.27436
6.737
9.16519
4.01772
0.442902
5.63519
4.23017
1.44279
7.79873
3.05009
1.5058
8.80083
1.04928
0.591833
7.23323
9.93667
9.54133
9.41323
5.03314
2.43649
4.0648
2.4247
2.91129
3.4317
9.00587
3.56391
9.27291
8.42873
8.0023
4.92226
0.878532
4.95292
6.96438
5.54814
2.93587
7.7097
6.57689
6.70759
0.100942
7.94116
8.94696
0.659294
3.90112
5.96407
0.249254
1.75035
0.0529442
0.920518
5.2529
7.11445
2.66058
8.42045
9.24273
7.57705
0.401046
0.841254
5.31069
7.76614
1.48574
2.49599
9.47768
7.53227
5.14257
7.54324
4.81817
3.47459
7.8171
2.95029
6.99077
6.4505
5.97564
5.19994
6.66368
6.6986
1.11628
9.06455
9.70485
3.05373
6.34207
4.325
0.844885
0.892079
3.76282
1.75237
8.91074
7.91687
2.9539
1.56566
6.39556
3.78546
1.72946
0.0620238
7.50263
4.54315
8.93617
2.26583
2.3668
7.94562
1.94809
3.59723
3.39428
0.70142
8.67825
1.13329
8.85713
4.00116
8.68856
5.14922
4.51553
5.83993
9.03714
0.322522
1.37082
4.34125
9.64853
3.12031
5.17569
6.605
9.32374
4.19762
7.41349
7.207
7.03428
2.09676
9.15529
9.95585
8.19064
3.92414
1.72402
7.14218
9.88138
5.48928
7.643
3.23818
5.46977
4.93665
4.72506
8.88472
0.285183
5.20436
9.32926
6.81464
3.20699
6.5422
7.91641
4.53955
6.14985
9.81182
9.24755
6.07619
0.881386
2.22021
5.0977
4.20322
3.96219
7.25646
7.23259
4.96653
1.1657
6.41565
4.84933
6.64971
4.79272
3.79955
4.95285
0.187229
9.2868
9.79286
7.78521
3.13372
1.4216
3.55161
4.59999
1.767
0.261624
7.01202
7.46602
3.69137
3.23986
1.82599
1.5779
0.144548
5.90413
4.69326
0.848706
0.493013
2.77295
5.24127
7.97547
1.38893
8.7268
7.19554
0.52727
0.256113
1.63104
9.8228
6.85654
6.45269
5.85963
2.1232
1.81468
4.00652
4.76586
9.12079
6.78343
0.72485
4.23848
8.94876
0.0643847
6.6811
6.67001
6.03776
8.95195
7.66592
2.29952
1.4699
7.63782
4.94638
9.85928
6.70199
5.69473
9.71289
1.97347
5.63596
5.75848
6.57973
8.23807
7.37381
8.77097
9.73115
0.936153
4.47361
7.28146
3.61029
1.85926
5.55783
9.3412
0.525426
2.27124
8.97471
8.06085
5.62823
2.05901
4.55496
9.59002
6.38313
9.29683
3.06234
0.505821
2.03696
8.73762
6.49017
9.1774
9.68309
3.36177
9.22346
3.86889
1.04334
7.81641
5.07907
0.59447
3.5425
5.90452
3.88527
0.47121
9.00305
2.97047
9.04147
9.47301
9.67073
3.77481
5.36912
2.38685
3.63438
4.97267
1.70332
0.0224424
1.67959
5.12163
9.87984
0.790652
6.77268
9.98993
6.82974
8.88254
1.11244
9.85166
6.4598
1.17902
1.94066
2.54994
3.07857
4.48898
0.0268733
9.20996
9.25842
8.88826
0.283181
4.82454
5.23637
0.747252
8.60848
7.55988
7.96575
2.64671
0.098615
1.03834
0.0232417
9.22451
6.40008
2.90406
7.66128
0.930327
3.94745
0.706035
2.97907
3.31593
3.14079
8.95225
2.47142
9.0223
1.80636
7.46115
8.57127
0.788046
8.30201
5.24085
2.21367
0.737206
5.01191
4.24772
9.05813
0.654774
9.55094
0.908593
4.67179
8.35324
9.98571
1.90016
7.74988
5.08725
2.70066
7.33636
7.38222
1.02407
4.83444
4.85419
4.87726
9.74259
2.0669
6.9694
7.02645
3.83079
4.39223
0.435352
0.720446
8.28454
9.37956
0.350864
3.09787
1.83088
5.92835
8.64387
4.89143
5.30145
5.85855
3.07212
0.990958
0.87004
2.6199
1.5306
5.62341
5.95667
3.67489
1.03987
7.2623
2.36998
2.5964
8.9406
0.890197
4.75416
2.24779
3.751
2.87678
3.55152
5.16172
6.3979
6.63787
9.90656
9.01308
9.13406
9.43303
2.28665
7.33618
4.71649
2.6991
4.5685
7.27733
7.92301
1.25025
0.227127
9.71166
5.07279
8.81515
4.47999
3.72372
9.59089
4.82381
9.99924
7.82513
7.16802
7.42104
9.95781
3.81506
5.82793
3.77324
7.54561
9.35739
8.46253
5.25468
9.49405
1.00979
8.82882
5.62477
1.95837
8.3789
3.63808
8.95531
6.54113
3.26531
2.9167
0.847797
9.46929
6.67389
9.38897
6.09887
4.89554
2.20173
4.01696
4.86371
8.42467
0.133225
3.18967
3.8923
2.71958
2.48435
2.50555
1.52544
7.28939
4.44608
3.6164
0.629718
8.09803
3.77647
9.72782
6.63603
1.56432
2.52604
0.744307
0.437037
6.47539
7.69418
3.77413
7.50136
5.44826
0.459056
0.675546
2.04636
7.63391
4.0073
6.47914
3.72524
9.18528
3.33753
6.7624
8.37116
3.34705
0.978354
5.72965
1.52839
4.95688
3.8669
3.92557
0.675969
8.62291
9.10707
3.74936
4.0847
2.07721
6.48352
5.30045
8.62833
6.06945
5.92318
1.90522
5.83763
4.94151
3.4601
8.57349
2.58296
1.47267
5.53752
4.62219
3.63057
1.46959
8.46536
7.0631
4.01292
3.47248
7.1243
0.716334
1.48235
3.25563
1.48282
7.25551
2.49535
4.82489
5.22604
0.462088
4.56514
1.73848
7.63614
5.31805
1.47868
0.791028
4.30433
8.0084
4.70172
1.88416
0.211313
6.70495
4.32629
0.900472
7.07212
2.69331
8.35573
2.42419
1.75401
6.20309
4.86192
2.8274
5.1323
4.36709
6.73694
4.36509
8.1119
3.51102
5.80511
7.39854
0.909038
6.90833
1.60898
2.59735
2.89639
6.10916
3.96461
0.564171
9.00214
7.83503
3.78628
9.9953
4.29754
2.46243
9.17095
9.20353
6.71836
9.84426
6.61454
9.90424
8.97257
0.684834
3.71938
9.43786
7.57296
7.90826
1.07495
3.85618
3.25767
2.41177
4.42481
3.69478
8.01116
9.20263
7.55532
5.08629
1.38602
1.15946
9.3655
9.91752
2.64926
2.8322
6.66429
3.31715
9.90579
4.54588
8.12074
2.99971
7.86329
9.4985
9.22302
4.07649
8.44018
3.4752
0.426649
4.40223
6.13548
6.817
4.60325
4.43756
4.48142
9.54223
2.81013
0.15821
5.93364
8.46622
6.71725
1.38855
2.75987
0.290764
7.9911
0.149621
7.70412
7.30867
1.49621
3.56645
9.41843
2.12282
8.1326
5.43667
4.04158
2.33331
2.84323
0.368522
1.31137
8.05861
7.66372
6.20862
0.0818302
8.63266
4.9104
0.313452
7.49923
2.21579
4.80812
3.72005
4.85338
6.72122
7.98271
1.93553
6.71693
7.76252
8.78432
2.75517
7.3689
8.14083
7.28387
6.44232
2.46672
9.99518
9.11695
1.95229
2.51253
3.55593
5.3359
0.84552
9.21663
2.32604
3.14821
4.67798
3.09911
6.59939
1.01456
5.21909
2.74683
2.64885
7.81759
8.58288
6.32128
3.89207
1.10723
7.81109
6.17911
9.26036
0.988794
2.28742
6.0813
9.03535
5.11372
6.88439
4.95612
7.74645
5.94076
2.23653
2.58388
0.637623
1.81939
5.76112
6.54838
3.33473
8.87251
0.412584
6.66954
7.65548
8.30675
4.73388
6.32286
3.92337
0.581098
7.46432
2.25729
9.98491
9.93994
1.41672
3.6981
8.61679
7.04112
3.79735
8.22346
9.06107
1.7446
2.45209
4.09622
8.70182
1.1649
6.2288
8.21543
2.3009
7.0151
7.04789
9.54519
0.100225
8.40146
3.50149
1.41364
7.87246
6.69661
7.95835
5.24269
6.11958
7.76404
7.5203
5.07045
0.988796
5.17068
9.25057
7.13168
2.19187
6.35796
5.89765
2.59849
0.287955
1.33756
2.19321
0.395036
1.95874
9.11523
5.82891
4.58237
0.23323
1.83879
3.1062
1.38692
0.140809
6.62128
0.834714
1.29767
2.65438
0.155635
6.25718
8.23371
0.725268
6.82685
2.25563
0.590339
8.16472
4.24437
5.37072
6.61773
2.83762
7.30345
3.15323
5.67819
2.03423
4.1787
4.12069
4.15322
7.43253
8.40426
2.4508
9.27287
4.55788
3.03571
4.74182
4.91766
8.30804
0.791274
4.27713
0.29323
7.52559
8.51664
5.51954
0.926012
9.66054
7.4471
4.25466
9.20701
3.00601
9.05677
1.40716
9.82312
3.32169
3.5723
0.0983818
8.92538
6.39571
5.4974
6.45041
2.13093
8.88877
8.39736
8.33903
4.53154
3.19706
2.7263
2.13726
2.03043
2.87217
9.2406
2.05834
3.43798
3.1473
6.51818
6.7663
3.66398
3.82196
6.61258
3.42869
9.27687
4.93853
9.99969
6.69543
2.54752
5.64416
2.00954
7.40421
2.37249
7.83292
7.77968
1.01652
5.51013
0.291422
7.60351
5.52888
1.33098
9.98012
9.48774
7.34525
5.34892
8.20568
6.52224
9.69097
9.26968
8.19453
3.46088
3.82193
9.97168
0.257105
0.0371079
5.53001
3.57603
4.00505
2.00291
5.54288
9.97603
8.53495
1.37948
1.43203
1.06673
4.72686
6.93715
9.53366
9.30455
2.86939
6.49113
6.36392
5.73446
3.04726
0.787669
0.0990075
0.0573528
9.2028
7.12353
1.00535
2.57637
9.89203
6.64732
1.17254
3.77549
4.86963
9.74943
0.895759
4.20076
6.46808
6.19303
9.98271
3.06641
7.76874
1.36975
1.57138
5.66352
2.44694
7.86262
1.26496
7.60452
1.34194
0.703737
5.20649
3.88193
8.52925
5.33795
2.65523
5.327
0.176046
5.3273
9.9157
5.17323
7.36062
4.33489
8.69186
2.78543
9.98929
3.24592
1.43033
3.49713
1.78719
8.93953
9.2943
8.56792
4.46649
5.42875
2.41065
6.15492
3.72556
6.76291
8.03124
3.46757
6.24606
9.66985
7.97658
1.99041
0.317276
6.06179
0.836674
6.58134
8.81122
5.44528
9.68283
9.05818
3.49129
5.07229
6.47898
5.23878
4.31316
1.66753
2.18955
6.98217
6.24159
5.44617
0.684267
4.2216
4.65717
3.53012
3.0818
2.31204
1.8435
4.72586
7.64615
3.87711
7.86763
3.69605
1.55437
3.74886
6.23719
0.733351
2.98959
3.65786
9.45247
2.67373
9.61436
4.89088
3.31708
0.646918
7.31149
6.746
0.531498
2.97895
2.45062
0.181083
2.97237
2.12131
3.80505
4.53403
6.71259
3.4461
3.74652
4.11315
1.70774
2.12954
9.40351
2.01451
8.01433
1.96284
6.22138
3.36946
2.08105
5.82011
7.44502
2.66302
7.83005
1.36846
4.00656
3.77451
2.24836
3.08639
8.16113
2.3823
5.81512
9.47815
0.123716
8.03785
5.51023
9.12041
8.11679
1.551
2.31261
7.76139
2.77939
0.952278
9.28522
2.70341
6.69761
5.68262
3.0738
0.378799
9.73107
3.72685
3.30728
8.75708
9.43331
2.93781
4.12282
6.43602
5.32432
1.64182
7.60234
6.89431
7.6801
3.38928
8.26555
8.27351
3.72333
0.607274
6.67096
0.363571
2.28778
1.6554
4.68555
3.25222
3.98056
8.3403
5.54249
0.682106
8.65086
0.163364
4.80413
5.31456
0.460449
0.202516
5.82011
5.69453
6.30443
6.73931
1.01142
8.36957
1.88047
1.2543
7.40383
2.61498
9.19404
8.77491
3.46207
5.72169
5.43112
7.69701
3.47948
4.00395
6.89437
7.71208
2.24248
8.99225
1.46803
2.25765
7.25906
6.56082
8.60121
1.26662
8.34084
1.44907
1.13057
5.59222
8.99621
6.8258
7.97954
3.04844
7.18088
3.07623
6.60117
8.86518
2.23763
0.5565
5.07131
3.35976
1.09386
4.34141
1.51499
7.31993
8.32478
9.53237
6.87666
0.829595
9.89635
2.80635
3.76941
5.84993
1.00069
8.18242
5.25975
8.72952
9.45299
8.14294
4.56389
5.77487
8.96448
7.33843
3.47419
7.27278
2.27723
2.98004
6.31112
0.747419
8.60357
8.37487
8.69996
3.70176
1.80128
4.9119
9.07299
0.868255
0.319868
5.63142
7.64647
8.49214
3.88147
0.48977
5.01615
5.83863
6.83495
1.46691
9.39829
8.19005
8.85082
2.67382
9.81296
7.69304
2.39063
5.74466
0.297063
4.27688
8.68854
5.11979
9.16218
5.73521
6.86722
8.1145
0.455979
0.80842
9.83041
7.26655
4.25683
7.87756
7.38676
5.4404
0.717386
5.34781
3.98291
7.43378
3.00709
0.729993
3.28224
0.0947526
2.65141
1.77043
8.97116
4.93302
3.95582
9.18771
1.0811
0.802706
1.8835
6.37922
9.45612
7.07074
7.8889
4.05585
2.47868
6.11624
4.38686
4.57283
2.0789
7.41119
8.82528
4.97396
5.81534
6.45436
7.07741
0.738044
7.36759
9.93745
0.328761
4.09066
1.2706
9.99461
6.042
7.46434
8.8301
9.48366
4.29764
0.377182
0.563376
8.51932
8.81718
8.21378
9.81333
4.16475
1.98475
3.95267
2.8979
7.93612
6.64681
8.02446
6.2112
2.69499
1.51951
9.59159
8.21714
8.17538
3.88526
5.45047
3.92205
9.39759
9.83868
9.26646
6.69991
9.17861
5.08947
6.79871
3.57253
0.964221
0.635952
6.50165
3.49724
8.90834
8.92064
7.04959
5.65558
4.28632
8.66423
2.53473
5.49395
7.55523
9.81603
9.03037
1.32404
4.04276
6.47697
8.17909
7.81632
9.28702
6.04189
9.57302
3.69446
9.55052
2.52566
4.11056
2.28568
5.87199
3.42517
1.70449
7.35683
4.34391
9.16825
4.89927
3.47451
1.37571
9.13701
4.50382
3.2385
6.25606
9.13392
4.09912
4.9928
9.1934
8.96215
3.94646
6.23904
9.51515
8.08796
6.69881
0.744035
9.2144
5.71397
0.847382
8.76356
7.72901
5.98115
5.6255
7.59625
0.0825511
1.36885
0.164706
9.21751
8.29732
7.91043
2.38668
4.57416
8.41436
9.93345
5.53851
0.448389
7.24225
8.61332
9.27649
3.74371
6.30691
4.10275
0.670081
9.50196
0.197366
5.6398
2.89316
1.76746
3.35072
5.48308
7.41061
5.09683
5.56408
8.09079
6.32937
4.54325
1.49473
7.63449
0.724512
8.98743
1.9736
4.39098
9.54462
3.57242
5.45531
1.02641
6.65623
9.0528
7.46062
3.07611
0.988322
8.99656
8.39083
6.65278
2.72521
9.3126
0.6068
8.82859
4.03972
1.80862
4.0564
2.1836
4.77312
8.91832
1.45532
8.33374
3.23001
0.914367
0.0131396
4.09803
9.40229
6.74145
9.21274
8.51411
8.41143
3.91631
2.88675
7.63534
3.98156
2.78536
5.22446
0.776326
5.86162
6.03274
1.83924
3.46813
0.160684
0.7357
4.08498
9.31578
9.7967
8.10449
0.250637
4.36853
4.51692
1.99062
4.12754
5.39488
0.728081
9.46023
1.50813
8.23262
2.1876
9.87913
3.61278
9.90936
0.939683
7.42636
7.0471
2.82475
6.41826
8.27708
5.24151
6.4345
0.834239
2.8665
2.59808
4.16
6.72279
4.36183
7.60308
9.68111
9.81403
5.00907
1.06952
7.86873
2.20495
4.21108
3.70651
7.34887
2.30621
8.05582
1.22063
3.159
1.75951
0.943631
9.87611
1.11629
3.56194
8.94304
0.0329502
0.666053
3.29798
4.78145
8.0807
7.35441
8.98924
8.64668
6.30447
7.53832
6.34885
7.7746
9.42873
1.47536
3.99816
7.07387
9.44521
1.87055
6.67147
0.120573
2.2532
1.177
4.21715
6.94161
0.97367
4.02642
0.116034
9.93753
3.42997
2.35424
3.7682
2.33422
5.24232
2.04547
6.40079
3.04181
6.56683
3.57958
1.72333
5.46383
5.75235
5.49974
7.03814
4.83158
5.32548
9.8526
4.80038
9.3176
0.541564
9.63356
6.88168
3.47655
9.1864
1.23672
5.3117
8.27034
8.49692
9.1706
2.01889
8.59946
1.81079
8.9901
4.12309
9.57744
1.79513
4.72743
9.55555
7.65056
7.24007
5.18596
1.05578
0.694275
3.97532
8.6532
7.69796
9.96907
6.36894
2.93156
8.93563
0.212147
2.41515
8.69135
4.88757
7.19275
6.49017
1.5443
9.14614
9.42804
2.38912
6.5004
4.7081
5.16506
4.9859
0.891103
2.25005
8.72469
7.36565
7.36329
3.15465
7.88999
8.70893
5.29932
0.489143
1.19608
5.29558
1.6624
2.73446
0.356725
6.08925
4.17751
6.60302
2.79558
7.24556
2.80149
2.028
4.24798
0.670901
6.79499
2.07212
8.40396
9.64024
7.95312
5.86598
9.6609
6.15043
7.72939
1.44065
9.08693
0.435321
7.23219
2.83166
9.05638
8.21044
1.36584
6.27532
0.550475
5.63369
7.96864
9.55693
4.79262
4.27325
9.32063
6.2026
6.18694
8.13349
8.36939
1.02662
3.61523
2.53203
1.05413
0.828151
9.55253
1.4473
5.61149
9.48057
6.34244
5.20845
5.209
7.72221
3.12079
2.57462
8.26007
7.4418
8.14937
6.59116
6.26464
4.85399
6.93771
5.32471
2.66769
7.40125
2.25405
9.15125
1.57196
4.16805
6.00604
7.78508
1.09992
5.18615
8.52113
9.69407
1.6604
0.592028
9.43298
6.14487
0.925878
5.27732
2.36773
4.82082
0.0742762
5.29373
4.91375
9.89882
2.03057
3.07259
4.51905
6.63706
7.95399
4.43439
2.79089
0.739186
3.43335
0.662736
6.02411
2.26967
6.33346
3.47517
2.15672
8.63087
8.39762
5.90029
3.99546
9.30261
9.64874
6.67115
8.71996
1.53867
1.06284
5.94629
4.64494
7.87113
2.98227
8.58622
5.68052
2.2853
3.27629
5.75045
1.06172
9.9592
6.45978
3.83192
3.35225
6.50597
4.42234
4.78912
5.65731
9.8544
2.95896
0.28627
3.83802
4.12772
2.31455
0.0217352
9.70845
2.49275
2.87809
0.526507
4.08362
0.473816
9.37911
4.06595
2.89616
3.51409
9.4598
6.71068
7.70109
7.71894
7.30822
5.59509
4.36925
6.19457
2.91688
1.63603
1.37463
6.87942
6.45446
4.07828
0.970132
8.37718
4.09357
1.39237
1.0315
8.8659
2.94469
2.69217
8.79804
0.0814636
4.05632
6.46943
0.00143565
2.22169
5.24531
8.09847
4.44769
4.36097
2.40438
3.22677
2.09228
7.94108
7.58291
6.94739
2.20026
7.65374
2.25376
8.63308
7.65261
8.98156
2.87933
2.77819
9.20427
1.17555
8.95232
9.46226
9.13154
0.325539
2.52736
1.38251
7.82566
4.83981
6.63792
0.335539
0.682922
6.92343
9.59301
1.25634
6.54336
0.137471
1.16088
0.781315
3.1681
4.53843
5.62286
3.58138
4.41505
0.0978096
9.01794
6.963
5.30399
8.88673
0.457466
2.63999
9.32022
2.03095
0.760007
9.52654
9.06799
7.51273
2.08565
7.37817
5.99042
3.46256
8.31681
6.27361
7.36877
7.26214
0.814671
4.51013
4.51817
8.49934
3.05486
7.46075
2.60017
4.08679
3.20412
7.0983
2.35786
9.57491
2.96068
5.48339
4.96259
1.71782
7.56188
5.4954
8.54193
7.58316
4.92487
9.63314
1.75707
8.89046
2.46408
5.75551
7.85404
2.90505
5.63549
0.975439
3.75494
4.89895
7.90097
3.07426
6.96569
4.76682
8.1079
0.0146923
3.99399
4.95135
4.90718
9.71666
3.90109
0.727976
8.7149
6.82662
9.11906
4.86086
0.784579
1.39149
2.34446
7.96498
0.0332278
0.780659
3.73474
0.689747
7.07561
2.62595
2.15773
3.04795
4.70892
5.11535
2.45411
9.11105
6.84945
5.5379
3.12777
7.54707
9.17011
6.62165
7.70292
0.854871
5.08237
5.87703
4.47731
7.74055
6.65068
4.31535
6.54024
2.53336
3.71263
5.72501
0.984093
3.16378
7.30918
8.73453
2.59562
9.60034
2.71022
2.34431
3.27916
1.44634
5.88022
2.43266
9.66812
4.56766
8.29631
7.18752
0.479963
1.25753
6.43285
7.83792
4.252
3.63833
5.09574
3.14548
1.17771
9.61712
8.06585
8.41121
2.89922
2.28616
0.298957
9.75206
6.38982
7.24161
5.17163
6.41334
9.11689
9.82599
5.27794
4.05494
9.72841
2.2018
1.35612
6.73579
0.984431
6.68737
4.93321
1.16173
9.2144
7.43834
9.54604
7.94765
0.918147
8.0271
3.27568
9.46919
7.99745
8.78105
0.137107
1.57755
3.83612
3.4442
7.56204
5.77063
2.97071
5.87919
6.29653
3.08287
8.43371
4.42773
5.15935
5.78436
5.29228
5.75592
7.64352
8.75376
3.0794
1.74705
0.514288
7.79329
5.73827
9.37583
4.67908
7.03176
6.2992
9.10443
7.27083
4.62667
8.89856
3.83205
4.07331
6.64255
1.93231
0.818965
0.287664
0.167065
9.96912
7.94543
0.755653
7.84851
5.99901
5.01415
4.28799
7.88757
9.69422
8.78815
3.52904
0.520884
3.34724
8.76372
1.59413
1.2304
7.1425
7.61909
7.40925
0.294498
6.78692
3.31711
7.00235
3.73651
5.70366
4.59038
1.1173
0.0183278
9.40495
9.59937
4.02276
5.97456
5.08813
1.5565
0.802726
9.29512
6.33977
8.22578
4.74597
3.41549
3.73809
5.60025
0.0608953
0.0707779
5.29268
4.59523
5.30071
1.86472
9.12116
0.574793
6.208
6.93453
7.56045
2.65672
7.30673
4.29902
6.79026
9.94168
8.40021
3.65018
1.47459
7.74344
7.42914
6.64647
7.42563
7.99173
9.89379
8.43821
5.59079
0.972898
7.38258
9.70198
1.75354
9.30771
5.36928
5.62285
3.24537
4.58354
8.01237
6.80334
4.11918
0.222362
2.32916
8.12198
2.16961
4.70514
8.93172
2.31593
6.8091
8.03654
0.992509
4.63548
3.90516
4.41812
6.98947
0.951487
0.807837
0.281336
4.36281
5.25505
4.73844
6.02681
8.24035
8.90133
3.32689
5.96069
5.14105
9.32192
3.73707
5.72089
2.69477
1.19215
8.87698
8.31721
4.44914
5.36759
4.25276
6.26709
1.21744
2.96517
0.649417
0.82542
5.72908
2.9958
2.84215
2.41668
5.94469
8.49349
5.01879
9.09136
9.08815
1.48196
3.08498
3.45957
6.60727
0.451749
5.18412
9.30839
2.01479
5.5129
8.03576
3.57024
3.13958
0.474261
3.85632
0.914951
2.78828
4.04756
2.17628
8.51714
0.722305
3.12002
3.30638
7.72722
1.90844
0.0337671
4.87945
7.10608
7.00124
8.16513
9.66333
4.5864
5.58405
2.36632
9.78345
5.23827
2.29748
6.48318
0.983518
7.4116
6.19936
6.76604
8.76229
7.2545
1.59701
9.41979
9.77531
7.87987
8.97879
5.20365
7.17677
5.84536
6.17462
3.42455
0.572362
5.29023
5.62486
8.29931
5.25824
1.02408
1.11004
2.77707
0.472474
9.29022
9.36832
8.92445
9.82779
3.81454
7.60923
5.43269
2.17152
1.63543
4.00616
2.55345
1.81508
9.901
5.5481
5.51568
4.76219
3.5421
7.67399
8.30548
6.30783
4.23613
0.574125
4.47938
9.10573
9.17819
2.53874
8.07751
2.42336
4.47868
8.17185
8.74785
0.107058
9.60352
1.59407
1.60013
6.23163
2.30705
0.479133
7.3306
4.28609
0.510823
5.37391
4.37291
6.93338
3.93851
8.01023
7.43371
6.85487
4.38006
0.918063
1.47331
4.15077
0.982441
7.84278
1.50693
4.67923
7.43457
2.18834
3.04575
2.18681
3.3985
5.25983
9.73306
5.40153
3.11077
8.57887
0.516013
3.70864
3.59811
4.32708
3.98373
3.70522
1.69671
8.30844
8.80647
9.51172
1.84149
0.606446
7.43722
5.27281
5.3319
8.55907
7.17379
0.839782
5.75404
1.82291
6.87722
5.59321
7.12937
2.7952
7.23714
8.94
1.4419
9.64353
8.71049
0.746597
1.16438
9.73388
7.47695
7.98613
4.19891
0.0485017
3.88307
8.72323
5.20355
6.22101
5.53399
1.19684
1.56239
2.43811
0.208344
7.78376
9.35314
8.15413
3.1562
7.71192
2.68108
5.15672
4.06239
0.0933858
1.46647
1.79169
6.85136
2.17767
8.4153
8.70772
7.67129
5.17283
1.71383
2.5155
2.69493
0.900419
1.4151
5.39908
8.46177
3.32105
9.8853
9.14973
8.53942
9.92604
7.6347
2.40737
4.87336
7.48185
8.5712
9.49678
0.50509
7.76286
5.48134
1.95703
5.71567
9.39251
9.78529
3.48055
7.59695
0.495747
2.15143
5.16668
6.39694
6.40451
7.83248
9.33411
5.5226
6.73906
9.29477
2.63067
8.65708
5.46604
6.40875
2.81275
9.14584
2.73916
7.40477
7.59232
0.471539
4.77428
4.96959
9.66997
5.45273
5.13459
3.11431
2.69575
5.70068
9.28781
6.28902
5.69742
6.70914
5.50478
8.93871
0.293661
0.900529
1.46848
2.86623
2.83508
3.25345
5.82942
5.70103
2.48534
5.40489
9.49842
0.337131
8.36688
0.219102
6.63193
7.95219
3.87653
3.70452
7.36003
3.40639
3.11231
4.14696
4.04913
5.71722
3.79844
5.25828
0.0883439
5.28598
2.39785
3.11025
9.65426
8.93747
4.18851
7.5986
0.689681
1.53453
7.02972
3.62673
2.26547
4.45825
6.99799
5.54347
5.12396
5.272
4.89578
3.72959
6.49348
9.70729
7.62453
9.55335
8.60845
7.99847
8.9586
6.0731
1.96812
0.62673
5.00258
3.83942
5.39757
5.29801
0.0188292
5.2328
9.13673
0.161261
6.0234
5.38039
1.07602
5.99176
7.10112
3.61898
6.71638
8.57255
1.07816
8.16523
9.41821
9.22034
8.10225
8.41925
2.31285
6.71502
3.34405
4.97832
4.34265
6.10729
9.80304
3.45652
9.23983
2.6505
0.610386
7.57564
9.72524
2.77889
8.29912
5.82502
9.08513
8.18068
7.11251
5.03494
0.447039
3.12897
5.4089
4.43303
1.94496
7.91896
4.39208
5.99604
4.49172
4.6261
1.02576
6.66049
0.224073
3.50211
8.66799
0.538649
5.6312
7.09588
7.62074
0.0342169
8.18879
9.61016
0.190214
8.44888
7.79449
4.54154
4.80245
4.37428
1.95802
2.47233
8.73867
4.91966
8.34707
8.4054
3.31872
0.0443248
4.81156
3.70234
9.65593
8.34858
2.32407
5.33598
3.58315
2.48678
0.224259
6.55592
1.37874
8.26461
4.17258
7.44807
0.999752
5.25431
0.979781
9.26949
9.02157
6.43418
0.321244
1.90811
0.16702
4.55175
7.67521
3.03699
9.61845
2.62791
3.90815
3.60184
1.48405
0.474323
0.490522
3.2745
0.445182
1.07137
5.92136
3.1472
4.75378
2.04367
3.2527
9.95687
3.74242
4.86337
9.61935
2.2381
4.36119
3.93331
5.5838
2.93558
4.89577
9.46408
8.98403
0.0842163
1.93459
4.44526
8.98849
0.980435
3.87732
5.85136
0.431269
4.25652
4.57247
3.04551
4.60769
0.945304
2.19533
7.21848
4.03822
7.99705
4.56558
9.86426
3.94349
9.11218
4.26473
3.5732
7.81181
2.59111
3.0029
7.00034
0.214754
9.23264
7.59681
1.55404
9.2694
9.03578
5.23125
1.4896
9.86246
5.87811
5.8252
1.75204
9.60604
6.43758
8.45073
0.725841
5.4557
5.67399
3.92563
9.00121
2.42895
3.99891
7.97805
9.92692
3.49572
9.32294
5.0409
0.370373
1.6596
2.59841
9.13093
9.15618
8.00057
8.05025
7.40291
8.27395
2.93553
7.80729
5.35308
1.06977
9.6184
0.17375
8.58214
1.64241
0.822024
0.46685
0.745031
1.05757
1.99924
8.96753
0.141097
5.63216
6.71528
7.23829
4.32081
3.25622
3.10645
5.38863
4.53605
3.51209
7.48681
0.871686
5.97649
4.8971
2.18147
4.84557
1.48728
7.9125
2.59788
8.46413
0.479457
5.91761
5.98067
6.79708
9.46392
0.240743
0.727249
0.477515
4.04746
7.21094
9.09559
8.22863
3.744
1.03878
8.05175
0.6126
8.99617
0.884019
5.18298
0.0637144
2.13248
6.49837
1.05454
7.8225
2.58632
4.85634
5.34189
1.06613
4.18351
2.41193
1.00521
6.0112
7.47346
2.27868
2.84053
6.73394
1.51226
2.09487
9.45427
1.77164
6.90165
6.38236
2.9045
8.90998
3.67573
5.88175
8.86852
4.15526
0.0586373
6.72545
4.3485
4.19337
6.54753
7.41895
9.9075
7.64189
7.04682
6.66369
8.59808
2.94778
4.16215
7.84908
6.73277
2.1478
0.528084
5.71908
0.225813
9.99141
1.33432
0.518853
9.82504
9.17821
7.75028
0.926797
6.26798
3.54895
8.42351
4.76503
7.79866
7.72482
1.09246
9.85719
1.51923
1.41767
2.63123
0.312853
2.06362
3.05389
9.28421
0.906969
8.74741
8.23341
1.52407
0.881478
4.88905
7.51109
2.83359
5.17845
6.91315
0.491731
0.812936
1.35618
6.76165
1.02529
8.21302
1.30674
6.35995
2.43369
9.48194
8.58021
0.665968
8.13741
2.47188
4.23396
2.02095
7.41203
2.75213
5.78184
6.42528
1.81995
2.66283
5.69352
9.80781
6.34249
8.58406
6.80816
7.22154
9.95628
2.88673
4.79804
5.31113
0.569249
6.35393
2.48769
1.38784
9.00897
0.482873
9.84074
4.15
0.113998
7.35875
8.79614
7.92123
3.54408
1.08489
7.51618
5.38476
6.27949
6.63264
3.70183
8.20341
8.81039
6.07103
1.95676
4.21275
0.959376
7.48733
7.78432
1.47261
7.7919
2.70042
5.16925
8.27394
8.79907
1.54934
8.74352
2.81441
6.41175
5.08431
0.279382
3.13294
9.22204
0.657939
3.77471
6.26872
2.21852
6.76787
0.26618
5.96918
4.91193
2.48406
1.86688
2.2443
5.47779
2.9104
1.38539
3.61786
8.18303
9.40411
4.80549
5.88631
6.76683
8.8311
6.36172
1.26675
8.84862
2.6303
0.153087
7.52671
4.13445
0.536015
0.904365
9.61133
2.63368
3.89124
3.98092
6.05893
3.7485
7.2753
5.54115
2.75881
8.56043
1.99453
0.719267
1.62405
6.39911
9.78021
0.782975
7.3165
8.6884
4.44509
8.60611
5.83323
3.33994
6.46139
4.6137
1.18308
4.69015
8.47937
0.283717
5.47085
5.03959
1.90549
3.71718
3.19962
0.0145567
0.127338
2.42913
2.1651
2.79147
3.69653
1.85878
3.50042
0.215694
8.39402
0.764952
2.45425
7.67114
0.952936
1.00471
6.91924
6.47471
0.618901
6.30578
8.85049
4.84754
4.21484
3.20394
7.0912
0.507098
0.701693
5.11705
8.28244
5.02809
3.83987
3.87172
0.0633104
4.39008
7.43596
8.36275
2.20852
1.29439
4.89357
6.35606
4.593
2.50931
9.72879
6.56117
2.05383
3.86708
1.11663
3.91391
6.41188
2.17116
6.52621
2.11336
7.19646
1.30814
2.17205
4.46678
1.80478
9.63026
3.21446
8.51326
5.4922
1.05359
2.18988
7.53259
2.47585
0.362075
9.96515
0.244016
8.3363
9.71779
1.07702
8.9856
0.465156
9.30851
2.39936
4.34817
8.73024
4.80141
3.05954
0.854917
3.2419
9.22629
7.62655
9.14256
1.74638
7.72301
4.32778
4.83882
3.36809
0.214827
0.885194
8.13776
6.71199
2.1885
7.75459
5.05251
2.30364
2.12122
6.01834
9.41272
3.12666
1.6663
0.684166
2.05754
4.17515
0.57146
1.58697
1.94456
6.62179
9.32253
8.45566
3.10727
1.85174
8.25081
0.0373921
9.47888
2.71672
2.6473
0.991379
7.90469
7.40153
6.6746
2.90423
5.3046
4.98043
0.868725
0.807933
5.69019
1.37884
1.09231
6.23087
5.77431
1.99446
6.52896
3.0452
2.11004
0.969448
5.77688
2.9791
0.793354
5.70607
1.22836
9.34713
8.99849
4.08402
7.03439
9.76164
7.94971
1.78323
8.94225
2.83562
7.25078
7.50864
5.42287
5.31105
2.01075
8.53172
3.48486
2.18791
9.3763
5.19183
9.86972
6.68179
2.52805
3.54631
3.31079
3.69285
6.54686
3.7915
1.12452
0.486524
1.88816
2.25974
4.10962
3.60478
8.22149
6.03211
7.85124
1.38791
5.76039
1.16754
3.53385
1.69287
9.78997
6.9658
8.41536
0.963423
9.67628
2.93295
6.81148
1.26932
0.339154
8.04998
9.01057
3.03712
3.59214
8.47028
6.47969
4.46636
9.44826
4.64572
1.41865
8.21595
0.0429041
1.06538
7.39344
1.44429
4.50359
8.97381
4.54807
1.71265
7.1855
9.9572
3.51849
1.907
0.438835
7.3686
2.82811
6.51393
7.59194
8.44292
2.40217
5.28606
0.834413
2.97842
6.59273
3.7497
5.76108
5.50718
8.73574
1.09067
8.15674
7.84756
8.84823
9.14912
2.70409
6.04422
2.65375
9.66381
7.33862
5.54163
0.647244
4.77017
5.18844
6.84771
9.86485
9.44844
7.41503
5.18017
3.18749
9.48729
8.09299
3.7188
6.12419
8.35107
5.46478
9.78743
2.7309
9.08036
8.11207
1.3197
9.76914
7.88321
7.26754
0.187289
2.55491
9.77874
8.48141
0.0123781
3.47493
9.20193
1.74707
7.54468
6.24449
6.75298
3.07342
7.90138
6.10367
6.81269
4.19386
9.44114
9.3494
6.77099
7.23347
3.29214
3.88833
1.10877
5.30471
6.9495
2.40449
6.16624
7.66743
7.52515
9.01515
9.32426
1.1758
9.23367
6.79196
0.816228
1.63405
6.15352
1.58022
6.5229
6.21459
3.89456
2.85349
1.19916
6.40193
2.43659
2.48152
0.760829
8.71057
4.40234
1.26837
4.34722
1.70613
5.59749
7.608
9.47603
0.306941
7.53905
9.99677
8.73037
9.04387
6.12834
0.82962
2.07251
9.4583
7.93097
8.1484
9.01556
0.476726
9.38705
8.5877
4.84944
5.56975
9.2428
3.39116
4.04886
6.31191
2.78364
6.43345
1.45281
3.70334
1.93522
9.35636
8.75964
7.15209
1.88165
7.10781
1.25126
0.998078
7.48164
6.5125
1.50132
1.28142
5.01177
6.17246
1.13087
3.05281
1.64205
0.865403
1.43743
3.60877
3.35723
2.58228
5.06285
4.44724
2.29849
6.97426
8.30962
3.95214
1.63086
5.72416
7.24869
0.997882
3.52296
8.60096
8.01239
1.04215
2.5287
9.01915
5.41176
2.27628
3.16798
1.27463
8.92777
6.60583
3.62971
7.22685
8.35121
1.82913
9.95185
4.01449
9.33248
5.19706
8.20777
6.81449
6.86705
9.90573
5.8996
6.90757
8.65964
3.44647
2.90195
7.767
2.11424
2.20067
8.25283
9.14533
5.31221
9.55997
7.71136
0.374013
1.85208
3.4854
7.48258
1.76809
7.77481
8.62954
1.64001
5.62336
2.96861
1.9857
1.65044
6.90649
9.75989
3.35611
3.67836
2.56221
3.86869
0.72069
1.85375
3.23094
8.73994
1.82293
2.94292
1.41283
8.73758
7.37309
3.94414
8.60217
8.1181
8.72964
5.02018
1.508
7.0431
1.56
3.64248
4.50008
2.17681
7.77621
9.77988
4.39758
3.37191
7.63898
0.590736
8.03982
1.77794
5.75942
4.48866
2.93206
7.18761
4.56501
2.28393
9.80097
2.87024
6.22995
7.15326
0.347986
4.35541
2.9315
0.0761587
9.1887
4.19925
1.76399
1.93662
1.7365
1.85912
4.76344
4.13801
2.57531
1.16587
9.4607
0.740605
3.78448
3.35027
3.31066
7.90561
8.51481
1.29176
2.01874
3.17162
8.89041
3.82777
0.364819
8.46021
3.30943
3.34889
0.560702
4.49738
7.87845
9.39497
1.98357
3.61532
0.472011
5.93327
4.53046
8.18377
3.8065
0.600908
7.46868
4.78174
8.75486
2.65426
9.04731
4.92849
0.793865
9.16064
7.69056
9.48126
2.42541
4.51057
7.23449
5.88248
4.25401
4.68003
9.70853
6.21321
1.71481
4.4066
1.29754
6.79981
1.31966
8.17141
4.51044
3.50538
1.22502
0.451859
5.64064
0.782481
2.86091
5.50738
0.200345
1.09544
8.92299
0.10321
6.96596
6.08876
7.85928
7.84052
8.0787
5.61896
3.87407
3.43832
8.16544
7.12379
0.113113
0.104432
2.94651
6.17388
4.6464
7.6258
9.33445
7.15669
9.58136
3.60954
2.87364
0.44773
4.19538
7.48647
1.12663
7.89554
9.34237
8.58385
9.00177
6.54524
0.995103
2.11415
0.0524069
2.51326
0.340361
7.64103
9.85337
4.82274
9.51174
7.06544
8.97961
7.98938
9.66679
8.53622
0.263825
6.46575
9.90535
4.07842
3.42359
2.98468
9.66874
4.36774
6.79577
2.55143
8.21809
6.42946
5.22767
3.02861
2.28653
3.48581
3.73812
7.15308
5.18062
5.32933
5.9879
2.32535
2.51862
4.57435
1.41778
0.670289
6.42315
3.95602
4.03066
7.12994
4.82058
8.72961
6.869
3.29636
8.25066
2.03032
3.27337
3.7589
1.92164
6.56117
9.83412
7.84958
3.84238
4.34349
6.57954
8.07162
9.01593
6.00724
4.69081
6.42172
5.38876
7.99394
