0.0126578
0.0111378
0.00944078
0.0103947
0.0092136
0.00957081
0.00939523
0.0100148
0.00894905
0.0103897
0.0115395
0.0101724
0.0111666
0.0112289
0.0105418
0.0113374
0.0126669
0.0120314
0.0124441
0.0125417
0.0132028
0.0131592
0.0130764
0.0135218
0.0144817
0.0146062
0.0133564
0.0144506
0.014381
0.0151066
0.0157343
0.0150347
0.0150538
0.0157897
0.0165454
0.0175591
0.0175567
0.0183416
0.0180497
0.0190821
0.0189142
0.0202074
0.0208548
0.0180236
0.0188124
0.0210926
0.02094
0.0210149
0.0215905
0.0228125
0.0220379
0.0219438
0.0245137
0.0221836
0.0228864
0.0256763
0.0245893
0.027354
0.0258639
0.0236832
0.0271491
0.0272024
0.0269598
0.0295453
0.0283681
0.0278806
0.0274289
0.0296595
0.029381
0.0302629
0.0328842
0.0319764
0.0345003
0.0320112
0.0320636
0.0310543
0.0332332
0.0326465
0.0343093
0.0352948
0.0359015
0.0377486
0.0377191
0.0387538
0.0352957
0.0388827
0.035849
0.0421384
0.0405132
0.0418535
0.0431603
0.037331
0.0424363
0.041155
0.0447006
0.0447429
0.0424778
0.0485262
0.042805
0.0451456
0.0487341
0.048216
0.0509845
0.0497965
0.0482075
0.0508974
0.0468789
0.0514702
0.055777
0.0490745
0.0535368
0.0534276
0.0544058
0.0546512
0.0610322
0.0599072
0.0568657
0.0605044
0.0592242
0.0594039
0.0611258
0.0608457
0.0609796
0.0656385
0.0637775
0.0639748
0.0638385
0.0673581
0.0641734
0.0637316
0.0665195
0.0665322
0.0698203
0.0721311
0.0730631
0.0773983
0.0764753
0.0742994
0.0749817
0.0720382
0.0728768
0.074008
0.0742353
0.0827878
0.0770906
0.0757541
0.0807356
0.0836223
0.0858411
0.0773829
0.0804486
0.0967982
0.0883784
0.094702
0.0868707
0.111866
0.121652
0.130929
0.136709
0.138441
0.126844
0.146539
0.159037
0.134362
0.140986
0.142901
0.135016
0.142898
0.156668
0.167647
0.14445
0.16704
0.160102
0.166241
0.167511
0.170758
0.172873
0.176544
0.162586
0.155213
0.179639
0.176795
0.183389
0.197966
0.191364
0.181314
0.173141
0.205247
0.186127
0.178712
0.184242
0.195896
0.220959
0.183316
0.187881
0.196571
0.19073
0.188611
0.203962
0.206688
0.208101
0.211028
0.223187
0.208389
0.217834
0.201438
0.228125
0.221211
0.24213
0.201585
0.221241
0.22038
0.250061
0.252695
0.235916
0.260276
0.224846
0.187243
0.175278
0.198092
0.257171
0.247771
0.25716
0.249198
0.251373
0.259274
0.262743
0.260162
0.258173
0.25289
0.244586
0.301717
0.264116
0.28154
0.270836
0.267528
0.284061
0.303496
0.260314
0.292255
0.289887
0.291082
0.279276
0.31241
0.326368
0.313167
0.326506
0.317546
0.318589
0.312862
0.330005
0.300495
0.338104
0.315308
0.348002
0.327384
0.340753
0.351758
0.350026
0.356998
0.365842
0.333203
0.372177
0.36542
0.339309
0.370459
0.361536
0.36383
0.362337
0.379649
0.343136
0.37013
0.343821
0.381488
0.370773
0.39028
0.394971
0.37391
0.340541
0.429068
0.441631
0.370487
0.3837
0.404671
0.383247
0.427551
0.437568
0.403097
0.37639
0.387561
0.41249
0.402327
0.451561
0.418811
0.425296
0.459144
0.456796
0.447197
0.475755
0.510014
0.463485
