10
10
2.74746
0.156746
3.0285
4.77369
9.02967
4.68928
5.3419
0.211313
9.55555
2.62791
0.464678
2.7465
4.6127
6.48368
6.27988
3.13859
9.53222
4.04158
4.85399
1.05757
9.92755
9.71419
4.51167
0.161692
3.22667
0.0775895
7.63827
9.54519
4.07828
4.76503
0.800304
2.21278
2.85391
4.70124
8.74386
9.20095
5.5036
3.43798
9.63314
0.26618
1.47689
4.16495
0.763532
7.28398
8.49266
5.9925
4.23346
2.78543
4.05494
6.56117
0.796447
2.56137
8.21741
1.63858
7.39162
0.841122
4.92226
8.03785
0.0707779
8.99849
2.80566
3.63419
9.65239
5.49768
1.30523
7.41837
7.14218
0.829595
0.474261
5.18844
4.48455
2.71847
3.91742
0.0896494
2.12685
5.64489
9.73115
4.09066
1.47331
3.70334
4.98248
4.15967
3.73622
6.12313
0.110088
4.75854
5.01191
0.164706
5.71567
8.72964
8.94002
2.56243
9.69701
0.480164
5.46489
1.15459
3.26531
0.939683
5.2328
0.200345
10
10
2.74746
0.156746
3.0285
4.77369
9.02967
4.68928
5.3419
0.211313
9.55555
2.62791
0.464678
2.7465
4.6127
6.48368
6.27988
3.13859
9.53222
4.04158
4.85399
1.05757
9.92755
9.71419
4.51167
0.161692
3.22667
0.0775895
7.63827
9.54519
4.07828
4.76503
0.800304
2.21278
2.85391
4.70124
8.74386
9.20095
5.5036
3.43798
9.63314
0.26618
1.47689
4.16495
0.763532
7.28398
8.49266
5.9925
4.23346
2.78543
4.05494
6.56117
0.796447
2.56137
8.21741
1.63858
7.39162
0.841122
4.92226
8.03785
0.0707779
8.99849
2.80566
3.63419
9.65239
5.49768
1.30523
7.41837
7.14218
0.829595
0.474261
5.18844
4.48455
2.71847
3.91742
0.0896494
2.12685
5.64489
9.73115
4.09066
1.47331
3.70334
4.98248
4.15967
3.73622
6.12313
0.110088
4.75854
5.01191
0.164706
5.71567
8.72964
8.94002
2.56243
9.69701
0.480164
5.46489
1.15459
3.26531
0.939683
5.2328
0.200345
